0 4476 4607 2755 194 839 1450 4061 5050 978 2879 3822 64 2270
1 1610 1050 3502 677
2 4077 978
3 1968
4 1968 1957 698 236
5 2903 1529 3508 1981 1412 1646 1078 2780 1615 1490
6 4083
8 64 936
9 4476 4256 1450 1888 677 1389
10 1504 1779 3517 3518 3095 3419 1389 1259
12 1968
13 1779 4644 4275 3482 3427 1018
15 330 3419 1610 1888
16 3419 587 958 839 148 1086 1864 5273 933
17 1888 194 3419
20 1504 4476 2917 1997 1078 150 3461
21 1078 1747
22 1888
23 1700 677 148
24 845 207 3840 1529 3419 736 2879 4812
27 587
28 4476 2879
30 1450 677
31 203 2771 4476 1732 513 1050 5050 2879 3419 4588 2683
33 1504 123 845 4607 2755 839 2778 1457 4705 64 933 150 5273 936
35 1504 4476 73 5410 1560 1251 1050 4812 2069 3461 2683 583
38 1504 5169 4607 839 1646 1078 2879 1259
39 1086
40 2158
42 2840 1086 1018 4604
43 677 936 751
44 330 2840 3053 1499 150
45 3311
46 3440 5326 4476 1968 495 2130 207 1529 1610 1300 423 3508 126 677 3419 2096 2687 1087
47 91 677
49 4476 3124 207 4256 2910 1999 5050 587 126 3419 2867 4812 4124 2069 933 936
50 5169 4476 2840 1529 1078 2879
55 1050 3419
56 404 3419 3502 5154 5447
58 3482
60 330 638 1050 933
67 3686
68 1610 1888 4517
71 1119 1881 958 1450 2238
78 1504 3819
80 1504 3419 751
86 2014
87 2115
91 1050 3419
92 3508 2194 936
97 3127 1968
100 461 1578 2755 1644 2194 150
101 330 5330 1086 1259
103 1610 91
105 1504 638 4828 958 4597 2238 2105 337 1555 1087 1968 1086 933 150 583
106 3840 736 3040 828 2879 5953
107 2917 1610 1888 2879 3258
111 1368
112 5828 4083
115 4083
116 5828 148 5809
118 2840 4976 4810 1450 3419 150
120 4768
132 3127 4476 1968 1529 4083 337 1087 677 1940 1086 2488
133 1578 3482 1888 3419
134 5602 337 1888 677 2792
136 3419
139 720 1883 1779 638 845 3766 726 1529 1018 270 1957 2238 1500 1050 3686 2669 5050 337 148 1086 4077 1202 933 4446 583
140 5410 1811
142 4083 936
143 1883 4385 2506 3502 1732
146 1504
147 677
149 4607
150 203 958 1610 337 677
151 587 3257 3766 1864
152 4083 1078
153 1888 73
154 461 2115 936
157 1450 958 4083 4124
159 461 4167
160 677
161 2807
162 936
164 1529
165 2840
166 677
167 677
169 1420 4476 2840 3511 1545 1259 677 3744 709 691
174 4083 5050 2194 2807
175 3646 936 5273
176 1732 1604
177 1888
179 1180
182 677
183 330 1259
184 4083
185 1968
187 5050 2807
192 2014 677
195 1888
196 1087 1119 1450 3095
197 2238 1087 936
202 5016
203 1227
204 1450
205 4083 1644 2194 3744
207 677
210 1050 5330 677
211 2840 3127 4476 3511 2056 5081 4271 677 67 1259 2014
212 2840 1087 5330
213 4083 1811
216 1560 1450
217 4256 1050 1610 677 3419
218 4976 4077 1977
219 3223 1504 1560 3419 266 1018 751 4446
220 2840 330 1732 3053 4604
222 1504 4976 2840 587 194 1087 2683
223 1968 4083 3162 3095 1389 236
224 3427
226 91
228 3482 1265
229 148
231 839 1646 828 1425 5050 4077 2069
234 2840 4644
237 4476 4167 1811 4588 2241 4077 978
238 4083 1050 1888 677 3508 4517 1259
242 3482
245 4476 3124 258 207 2968 1050 4061 342 2879 2546 3419 2780 4601 1457 4514 1850 936
246 1087 1610
247 203 1968
250 1504 845 4989 1560 5016 1259 3419 148 1888 5154 1086 4608 4476
251 4083 203
252 2194
253 1259
256 1424
257 1259
258 1087 677
261 4083 1644
264 4385
265 1446 1578 330
266 1450
267 4644 3482 1050 1940 3427
270 126 677 4068 936 1259
272 4384 2778 2985
274 4083 1450 91 933
275 203 4476 207 1775 3508 5050 2879 2426 3744 330
278 4476 73 3127 3124 207 4828 3419 1981 3040 5016 1078 828 3766 5050 1050 126 2879 2546 4601 1457 1086 2488 2867 4588 2069 2683 583
279 4275
281 677 4446
282 1087 1883 203 3840 2910 1529 3508 1050 481 5050 2626 2175 933 4446
285 1316 677
288 5686 292
289 4476 587 2040 292
290 2840 1450 3386 292
295 1883 1732 4831 3482 2426 4446
297 1722 3508 2238 342 677 2807
298 677 3419 236
299 2592 4476 3124 207 1057 1560 3419 5016 4831 1714 1500 1078 828 1050 4061 5050 1499 2158 2546 172 1457 2593 3386 1086 4077 2867 933 5093 2683
300 2840 1078 4694 5953
302 1715
303 4976 2840 1529 150
304 677
306 2426
308 194 1523
309 3508 1529 342 1811 677 1850 2807
312 342
313 4976 3482 2194 978 1389 1529
314 2879
317 5410 3840 1529 3419 670 1050 1141 2626 4077 1227 4787 1490 1259 2683
319 677 3095 2488 1529 933 236
320 194
322 2332 2879 677 3419 2488 150
324 4976 4083 3744
325 1450 4976 4607 1644 677 4077 2683
326 2840 1610 148
328 3127 2840 1078 2879
329 2115 1450 337 2593
330 958 1450 2780
331 4607 677 1940 4077
333 1999 1610 3326 677 3914 3258 936 3683
336 207 2104 1529 1163 2755 958 2194 4271 677 3095 2241 150 1259
337 1504 4644 2332 839 3419 2241 3504 1259
340 1644
341 1050 3419 1087
342 1086
344 1087 203 1610 5071 958 91 839 1450 3766 1050 677 1326 3686
345 1450 1610
346 677
347 677
348 4607 91 936 236
350 4976 2014 4077
351 330
352 1529 5672 677 4256
353 207 2840 1529 1078 1610 126 2543
354 2115 1644
356 1078
357 207 1529 3766 126 677 423 2780 936 933
358 1888
359 1450 337 677 936
360 5169 1529 194 64 2238 677 423 2593 1389 936
361 4083 4077 933
362 1050 4517
363 4782 2113
364 4644
368 1883 330 677
382 4124
383 677
385 4607 677 1087
387 1259
388 4083 698 1644 2194
389 5169 1811 2194
392 1259
399 330
400 4644 2683 23 3228
402 936
403 4275 726 270 3744 1259
404 4476
406 2840 1578 423
407 2115
409 91 64 1389
410 342
413 4083
415 2840 4476 1529 3482 194 1779 5330 3095 2241 1259
416 1968 1499 1888 150
417 677 2792
419 4077
420 4976
421 2626 2426
423 2840 1732 4446 3482 1450
424 4976
425 2238
428 1644
429 958 1078 1610 4077 3744 64
430 4083 1050 677
432 4476 845 2394 4256 958 1646 5730 1078 1610 677 2593 1389 936 933
433 2780
434 3482 1888
441 936
443 4644 1811 236
444 587
446 1504 2840 2332 1529 1078 1499 2626 2879 933
449 203 330 2840 4256 2528 3686 1646 5969 423 1615 2792 2543 1389 936 933 3419
450 1504 1446 1529 5809 583
452 1578 1050 3427
454 1940 936
455 5410 4607 1529 958 1412 2238 1078 342 4831 1389 2807 933
456 3482 677
457 1610 1888
458 292
460 2241
461 1646
464 1644
465 2840 337
466 638 3511 4083 1050 677
467 1529
468 3766 1888
469 2115 4256 2593
472 1087 4476 3686 1644 2241 2426 150 1389
475 2332 1968 1578 677 2241 4077 2488 1389 4476
479 337 4124 2792 936
481 2985
482 1888 1615 936
483 5410 1529 1560 4820 1523 479 1450 1050 677 3419 194
484 2840 5410 3419 5447 2426 2488 1259
486 4083
489 1644 677
490 2840 1883 1050 2669 2543 1086 3686 4812
492 2241
495 2194 2241
496 3482
497 2879 3258
498 4077 1490
499 1578 3482 4077 64
502 720 2769 3124 194 1775 958 1078 1259 828 1050 978 1716 1086 172 4077 223 1865 936
503 4083 2194
504 1883 203 4476 330 4446 2194 223 2069 1259
506 123
507 5169 1518 5838
508 1811
509 3073 933
510 1259 1050
511 698 1940
512 2840
513 2840 1709 1529 1050 1610 337 677
514 5169 1968 677 3095 1087 4077 1389 1860
516 1504 4476 2309 4607 2790 4937 5050 2879 172 1850 3790 1368
517 677 3744
518 4476 4083 1499 1888 2241 1529
519 4077
520 91
523 2801
524 4476 677
525 203 4607 2755 3840 3419 1326 1086 1087
526 4083 91
527 1394 677 2780 236
529 1529 1610
530 1504
536 1420 3127 1560 3053 1973 194 3419 3386 67
539 1529
542 3409
548 1732
549 2115
550 1424 4077
556 1578 1940
557 1578 4271 677 4077 236
558 1578 1610 495 3646 1888 677 3095 3419 2979 2021 64 1259 1604
559 1087 4476 638 1578 1610 1997 839 194 3766 1326 64
560 4476 4256 4607 5730 3730 1078 1050 2879 736 3258 2807 933
561 1504 330 726 1529 452 1163 2755 1078 1050 337 638 3326 677 2780 933 583
562 4476 1529 3508 91 3766 677 337 5330 1888 2879 4517 4514 1389 936 3822 933
563 1999 2769 3412 845 207 3040 5016 786 1646 2238 4476 1078 828 4061 2669 5050 337 2194 2546 1457 2593 2867 1259 933 236 2683 936
564 2130 1050
565 1087 203 726 2755 91 839 2626 3766 1050 3686 3419 1326
566 1883 3766 1050 1087 677
567 1578 1450 958 1644 1888 4271 677 1389 1259
569 2546 2780
573 1446 3124 4083 3095
575 1504 4476 73 3419 1981 5016 1087 786 1353 1141 5050 933 2683 936 583
577 782 1968 1850 936
580 958
582 1504 1018
583 839 1450 5384 677
591 4083
592 2840 207 1050 677 2780
597 330 194
603 3686 2755 1050 337 1087 5330 3419 172
604 1722 4476 1529 3508 4083 3482 1833 978 5093 933
606 3482
608 4607 1610 958 3482 2593
611 1087 203 4476 1610 4275 5602
612 3419
613 4476 1646
615 5618
618 1273
621 2046 4607 1368
623 4976 4607 1185
624 123 126
629 677
632 4083
634 698
638 4077 5809
642 5169 5447
645 5169 1968 1529 4083 1644 5326 3419 2241 2807 3202
646 1968 1050 677
650 845 2683 3482 2780 4446
651 126
654 1180
656 4607 587 270 2778 5050 148 3822 4124 936
658 3482 677
659 4679
661 2840 1086
665 2840 2115 3686 958 91 1646 64 5969 978 1615 2593 773 3608 2979 3218 936 1389 2807 150 3202
668 4607 607 4083 64 677 3095 933
670 4476 1709 1732 5050 495 148
671 677
673 5169 4476 4607 786 1078 4385 5050 3326 148 2461
674 5364
676 330 3508 5050 677 936
678 1504 203 5536 182 1929 3508 1596 1394 5050 2158 2879 172 4831
687 3511
690 4644
691 1968 4083
692 1596 4275
695 587
699 5410 330 1560 4476 5016 1050 1610 1523 2879 1086 2683
701 958 4083 2238 677 2807
702 4813 1888
703 4083
704 4124 3053 677 3409
705 3127 1610
706 1504 4275 698
707 2771 936
709 677 4476
716 4607 2819 1644 677 1523
717 1504 73 330 839 5093
718 2488
719 1979 4083 3482 1087 1888 2194 677 3095
720 4820
721 4644
722 1779 4275 1050 337
723 2840
731 1644
734 3511
736 91
737 4083 1644 1940
739 1578 958 3482 337 126 677 64 933
743 5169 5330
744 2840 3053 148 3419
746 1940
751 4083 698
752 330
754 2175
755 5330 2194 2488
758 995 4476 3412 2379 1981 3040 992 698 3766 978 2879 3419 4601 1086 4517 1864 4588 1550 936 1545 1977 230
760 1646 1888 936
764 839 3053 1610 2807
773 1050 1087 677
774 5050
778 91
782 4476 330 5384
785 4275 3686
786 1087 839 139 1860
787 2755 5016 91 1500 3502 5570 2879 423 5154 1086 2470 1864 1087 751
788 587 3831 423 1086
789 410 4608 1265
790 1087 4976 1316 1259 1644 3502 5822 1086 4608
791 4476 375 1242 5421 182 2801 1596 1560 329 1050 5602 4582 318 2879 1490 1087 2792 1100 4812 936 2807 1368 3419
792 375 207 1242 2894 182 2801 4828 1140 5326 1347 1265 1421 230 2683 5410 3228 3429 1050 2669 2046 337 2879 5330 2105 4812 223 2807 1865 1368 3419
793 1087 1185 145 698 828 5330
794 375 1504 139
796 5554 3412 5016 698 5409 2879 1424 1086 3822 21 933
797 2375 698 828 2985
798 410 2780 21 1265 4812 4476 2807 1865 1860 933
799 3831 1500 1087 5993 5330 3822
800 1504 5554 4476 5016 4446 479 139 2158 4003 1888 5154 194 1086 172 2867
801 4476 73 1700 2790 5016 4446 4937 139 2158 318 2879 4812 2270 1242
802 1087 726 1610 587 91 839 1050 3686 1644 5570 1086 4608
803 4476 410 337 318 1086 4608 4812
804 2528 1997 5016 3730 1450 1087 4608 4812 1860
805 638
806 1500 139
807 1504 638 207 1610 2755 5016 698 670 3766 1316 1050 2062 1888 1457 172 1864 4812 936
808 203 1560 828 5602 677
809 3257
810 839 4937 172 751 933
811 1504 4476 3124 2910 1529 5016 139 2879 1086 4812
812 1504 2649 203 375 207 4476 1100 1610 5050 342 2879 4831 1850
814 1555 1504 1883 5536 3429 2669 172 1050 936
815 2506 2546 677 1940
816 139 828 2669 5330
817 1185
818 1185 3730 4937 5409 139 2506 709
819 1185 4446
820 410 337
821 2470 2375 1860
822 3427 1050 1940
824 726
825 410
826 410
828 5784 638 1779 2543 1086
830 839 139 2879 3730
831 3223
832 1883
834 139 1273
835 5828 1087 1860
836 1883 5640 1997
837 172 4812
838 4275 1185 677 1368
839 3622 139 2546 4812
840 194 410
841 1504 1087 1883 203 4476 258 638 726 1529 1560 4446 139 1500 828 1050 677
842 1883 4828 638 726 1997 1086
843 726 1412 4812
845 5602
847 4812
853 1185 698 709
856 698
857 5784 726 1018 4446 64 828 410 3822 2470
859 1883 4828 1644 5809
861 587
864 5447 1050 4812
867 4077
875 2840 3482
878 1446 3840 587 2546 1086 1259 2683
879 1615 2792
882 1050
887 2194
891 845 1610 677 3419
892 1968 1644 677
894 203 638 698 1050 1316 1644
895 1050 677 1086
897 677 4077
899 452 1646 839 1644 1888
901 1644 3822
902 1968 4083
903 677
904 91 839 3766 1050 1644 677
905 839 4384 677
906 677
907 1644 1086 677
909 3508 4083 2194 3419 1087
910 1087 203 4828 1560 2755 91 839 1050 677 1086
911 1087 1560 3419 3766 1050 677 3624
912 91 839 1050 423 677
913 1450 423 677 3419
914 1087 5640 1560 1644 2879 423
915 1050
916 2840 1050 21
917 726 1300 1560 3419 91 423 3427
918 203 845 698 1646 64 2238 677 2546 2593 936
919 677 2807
923 1087 73 330 587 172 4812 2683 583
924 2840 2755 1087 236
927 4694
928 91 2879 677 150
930 1504 2840 1610
933 751
935 5016 4275 1050
936 3127 330 1450 751
938 1504 4694 3419 1301
939 2840 1529 2755 148 2879 4601 1086 3311 150 2683
940 1050 1578
942 1968
943 2543 1086 4608
946 4937
948 3440 4476 845 4607 4989 1997 172 530 91 839 1050 1259 337 952 2879 3419 1087 67 2461
950 4476 172 1499 2879 1446 1086 4812
951 1504 4476 1529 1997 587 1086
952 1504 4476 2104 1529 1997 1560 5016 1646 452 1259 337 1499 2879 1811 677 5447 3518 933
953 4476 5447 4607 1050 1499 2879 4271 1086 67
954 677
955 410
956 5051 2461
957 1504 3429 1119 3691 4812 4588
958 1860
959 1050 2879
961 1504 91 677 4514
962 203 207 1529 1646 3053 5050 3419 194
963 203 207 5016 698 3257 1500 3502 337 2879 769 1086 1977
964 1968 1775 677 2241 194
965 2332 4083 1610 1888 677 4077 3419
966 4644 1700 2640 1086 3646 1888 172 1326 1711 790 4604
967 1504 2592 123 2840 845 207 1529 3730 3502 148 3419 2979
968 1504 1883 3419 828 1259 2879
969 4828 5071 4446 410 677 2546 4812 5809
970 1504 1087 203 194 638 513 1610 1997 2755 3257 2238 3686 5050 337 342 3419 2780 4514 4812 933
971 1504 638 3840 4446
972 2238
973 203 1779 64 91 2238 677 4601 4517 1389
975 1883 4476 5447 3730 5602 1644 5809
976 1560 1201 2778 4385 410 172
980 5809
984 3840
985 2840 1529 3482 3053 1050 3311 1259
987 2543
988 64 4275 677 1610 1888 3419
989 4476 4976 4271 1086 4514 2461
991 4607 2358 666 2238 677 5050 342 1811 2426
992 677
993 342 677 3744
994 4275
995 1504 5326 5640 2437 4514
996 5326 2437 4514 1864
997 677 4077
998 203 4476 4607 1775 172 1412 1999 1646 1050 1259 1499 2879 4271 5953 3822 2241 1086 194 4588
1002 1504 5410
1003 1420 4476 4607 1997 5050 148 1811 2461 5273 5274 936
1005 1883 726 2543
1011 4275
1012 2543 4812
1017 318
1018 2840 4976 5447 1529 1518
1019 1504 207 130 5016 2640 2626 677 5330 5154
1020 1979 2683 3819 5326 5447 2807 1732
1022 4476 2879 1086
1023 4476 3819
1024 148
1025 838
1026 123 4937 1078 1050
1029 958 1259 148 2543
1030 1888
1031 1883 726 1997 4828 1201
1032 1883 191 1529 587 3257 677 1259 1578
1034 1779 4607 148 2879 677 150
1035 3766 318 3419
1036 3127 4275 1888
1037 1578 677
1038 677
1039 207 3840 1555 1201 698 828 1259 2040 2879 3419 391 4812 3831
1040 4976 172 4446 1646
1041 1504 4476 3124 207 2910 5016 992 410 2879 3419 4601 1457 4514 1850 936 933
1042 2840 4476 5784 4607 1747 4831 1499 2879 3419 4608 936 933
1043 1722 4476 5784 207 1646 3257 64 2968 3730 828 3766 4068 677 2879 2546 4601 158 4514 2867 4812 1490 936
1044 1504 4476 207 513 194 5050 2879 751 2105
1045 1504 203 4476 258 845 207 513 4607 698 2238 3390 2879 354 4705 3258 1850 936 2807 1210
1046 1644 2780 1389
1047 2158
1048 1504 1883 375 401 726 2910 4828 1560 1747 587 5016 698 2640 410 1050 1545 3162 2669 337 1888 318 172 3427 1086 4705 2807 3790
1049 5633 4476 3124 5784 952 5326 318 790 4812
1050 5050
1051 1504 736 207 513 3429 1050 2669 5050 3731 2879 3508 1850
1052 5633 5536 1747 1201 828 2669 1644 1457 3822 172 3410 4812 933 936
1053 1504 1185 1394 5016 698 2238 3326 2879 1086 3822 1351
1054 992 2640
1055 4476 4607 677 978 4271 423 4517 194 1850 2807
1056 1504 4476 4858 4275 1086
1057 1504 139 2158 677 2780 1550 1086 3819 1368
1058 123 1779 4828 1450 1078 3766 4061 3419 1050 2546 4601 1086 5672 2683 936
1059 1504 203 4476 2755 698 2640 337 2879 3419 3258 1850 1490 3790
1060 4476 513 3686 1529 2879 936
1061 2840
1062 2879 1732
1063 194 3549 5219
1064 3508 4476 698 1050 2241 3419
1065 203 1529 1610 64 2238 337 2879 4271 1389 936 1977 3790
1066 203 2379 992 698 4061 995 3419 4601 3822 1086 2104 1864 1550
1067 203 4476 207 3127 5016 1732 3257 2238 2879 5447 1086 4517 4514 1490 936
1068 4476 2917 4607 1997 839 1078 828 4385 1499
1069 4476 2755 2778 3686 194
1070 1504 1529 3124 1201 5016 2238 828 4061 2879 3419 4601 1086 1550 936
1071 1610 1140 172 5008 1860 1604
1072 207 2626 2780
1073 1085 1529 698 3257 828 2879 5356
1074 1504 5734 1997 172 2985 1420 1499 5570 2879 3419 2780 1490
1075 1883 203 1529 1201 5016 2778 1259 4061 337 4812 1420
1076 172
1077 670 1078 2879 1977 1351
1078 2840 203 726 172 2755 3730 3766 337 3502 2879 4271 1087 5154 158 1086 4812 3822 933
1079 1504 4476 5734 726 2755 828 2879 2546 1273 2461
1080 4607 1078 1732
1081 5536 2879 172
1082 1504 2867 4446
1083 203 2771 845 698 2238 677 1850 1389 230
1085 207 1242 952 3257 2238 1259 4061 1811 194 1389 933
1086 2879 67
1087 172 4384 1732 828 4271 2546 2780 5154
1088 4644 1259
1089 203 638 1529 4446 64 1259 677 337 1141 3419 4601 5447 1086 4514
1090 4476 3840 2910 1529 4828 587 1201 5016 4754 1259 828 1050 2669 4003 172 5154 2105 1490 4812 933
1091 4476 2158 2270
1092 3124 1732 337 2780
1093 203 207 1085 2375 3622 5016 3822 1086 4812 5809
1094 1883 670 1273 172
1095 1504 4476 73 3589 4828 2790 698 670 4937 2158 318 2879 4540 194 4077 4812 2270 936
1096 638 1210
1097 5784 726 3822 4475 4812
1098 936
1099 1504 4476 2528 4446 1555 1888 1086 3822 4812
1100 4476 1529 677 337 2626 3419 4601 1086 751 933
1101 4476 1968 1775 587 698 5730 3766 2506 337 3419 1086 4517 4514
1102 1087 4607 1529 4828 5016 2091 337 1499 1811 933
1103 4937 2158 318 4540 2270
1104 337
1105 978 1086 391
1106 726 928 1259 4003 2879 3822 4517
1108 1504 4476 845 4607 2755 3730 1078 978 1499 1888 2194 3095 1457 1389 1977 1259 1604
1109 2906 845 2528 1421 2755 5016 4083 4446 2640 677 2780
1110 73 2790
1111 2840 5410 1529 1888
1112 1504 698 318 751 1860
1113 1504 203 4476 726 1560 3257 2968 2238 5050 342 318 3419 67 2807 933
1114 1504 638 3482 1050 677 1086
1115 2755 1646 1259 978 2879 1457 4077 4831 4517
1116 1504 5016
1117 1709 4476 782 2879
1118 1722 2771 2450 2755 3124 1646 3766 677 423 1086 936
1119 1504 4476 1529 2755 1259 3819 4812 751 1860
1120 1078 194 4588
1121 1504 203 4476 4607 698 1050 1499 4271 2879 1086
1122 742 4476
1123 452 2879
1124 3822 4812
1125 1087 1610 1560 4476 587 2238
1126 1504 1883 203 828 5330 2780
1127 4476 73 2790 670 4937 139 2158 2780 1940
1128 1883 1811 1560 5016 1259 2626 5330 2879 3419 2241 1086 4476
1129 1050 933
1130 203 3511 1140 3686 952 172 4812 2807 5672 1860 1242
1131 3127 4476 1119 742 726 1997 2062 5016 677 337 1087 2879 318 1457 1732 1086
1133 1888 1811 3419
1134 4476 5784 638 4607 1775 452 64 91 2968 337 1610 4517 4514 1490 1389 936
1135 1504 203 4607 1997 1732 3053 1499 677 4271
1136 1504 1883 203 4828 5016 1087 1086 4812 933
1137 638 1529 1997 172 2879 4271 4812 2802
1138 1732 1560 5016 4476
1139 587 3502 2546 3419 5154
1140 4476 1968 4446 677 337 2879 5447 1086
1141 461 1610 2238 1259 423 3419 1086
1142 1504 203 1242 182 2801 1140 1421 5016 952 318 172 4812 936 2807 3202 1860
1143 207 3502 4812
1144 1087 3502 4077
1145 1504 203 4476 638 1529 3508 4446 698 3686 677 1259 3470 337 933
1146 5784 4976 2375 3822
1147 1504 203 1997 4061 4271 1086 1860
1148 194
1149 194
1150 1087 1504 1242 182 726 3124 3686 952 3202 3228 3257 1499 318 3419 4601 1086 4608 67 933
1156 5050 677 2792 4517
1157 677 3390 1940 2780
1161 677 4517
1164 3419
1167 1087 207 5536 698 3766 1259 1086 3419
1168 1087
1171 3766
1172 4083 698 3419 1087 4517 1259
1173 698
1174 4446
1175 4083
1176 958 1078 1610 126 3419 1087
1177 2790 4937 1259 337 3419
1178 207 1050 677 3419 2780 5809
1179 677
1180 207 1968 3766 677 3419 4517
1181 5326 2906 4820 670 3053 1555 1050 1940 2780 1716 1732 5672
1183 1259 677
1184 330
1186 4083 3095 3012
1187 4275 2017 751 2683
1188 4694
1189 461 677 1850 2807
1190 207 587 1050 2683
1191 1999 207 5410 1085 1529 3419 1078 3766 3410 4812 2683
1192 1644
1194 5602 2780
1195 1883
1196 1050
1199 1018
1200 375 4167 677
1202 4476 330 1332 337 677 423 2593 1389 936
1203 1722 5050 677 3744 1850
1204 638 5050 337 342 677 2968 2807
1205 5050 342 1850
1206 5050 342 2194 2968 677 4517 1850 5809
1207 5050 342 677
1208 1529 5050 1050 342 2968 3258
1209 1709 4476 4607 1610 4083 91 1450 1644 677
1210 203 1779
1211 4083
1212 1610 91 1050 3502 423 677 3419 1086 1490
1213 91 677
1216 936
1217 1504 1722 2771 1119 64 828 1050 337 2780 4517 1389 936 3822
1218 638
1220 4083
1221 1185 5050 342 936
1222 4828 1560
1223 203 726 1529 3419 1500 1050 5050 3502 677 2593 933 1259 583
1224 203 5447 3429 2755 698 4385 410 1259 1499 4799 3419 4812 1860
1225 4275
1226 203 1529 1446 1050 5050 337 2879 677
1227 2158
1228 958 3427
1230 1888 3427
1234 207 2840 1078 3419
1235 958 1779 3095 3258
1236 1968 3482 3095
1237 4083 1940
1238 4476 337 2040 1086
1241 1140 5828 1450 172
1243 958 1050 677
1245 1732 4799 1273
1247 1316
1248 4083
1249 1504
1254 1709 1615 936
1261 2115 3790
1264 5326 1968 677 3419
1265 1450
1268 1504 5169 258
1269 1968
1270 1504 4976 1050 1499 2626 5822 1086 933
1273 5326
1276 4083 1811 933
1278 337 1050 2780 4077
1279 1644
1280 4083
1282 3386
1284 1087 1610 1259
1285 3744
1292 1968 1529 3482 2194 1259
1294 4083 2194
1295 2091 2840
1298 3386
1299 4976 1578 3482 2194 2241 1086 1389 1529
1301 4083 1326 4077
1302 1610
1312 1087 4607 1529 2755 3482 1646 3686 5050 2879 2241 1086 4588 150
1317 2115 2840
1321 2840 677 2426 4604
1324 1670
1325 1087 3127 4476 5410 2917 2332 845 1529 2755 1646 337 1499 1644 148 4597 2879 3419 67 1259
1326 64 936 933
1333 4476 330 4083 1811 677 1850 936 2807
1336 4275
1338 4694 677 2543
1339 2840 2096 150
1344 4083 2238 5050 342 2593 5809
1347 677
1349 1050
1351 607 64 1610 677 2593 2394 936 150
1353 677 751
1357 64
1358 1732
1359 1940
1361 1709 1644 677 1326
1363 5169 1578 1644 677 3095 2241 1389
1367 3508 64 2194 677 936 2807
1370 4476 330 513 4607 1529 230 1078 5050 342 2879 677 1389 2807 5273
1371 978
1372 4077
1374 1504 1929 4476 638 4828 1124 1050 3686 5050 337 5330 1086
1376 64 677
1377 1529 452 1646 337 3822
1378 677
1379 423 2780 73
1380 4607 2238
1381 677
1382 1940 4077
1383 2115
1384 1610 1050
1386 1504
1387 2194 1615 2792 936
1393 677
1396 4083 677
1397 958 64 1610 677 1615 2241 1389 933
1399 4476 330 1529 958 5016 1646 2879 677 423 1389 150 933
1400 4644 677
1401 677
1403 5169 4083 677
1405 2755 4083
1406 2592 4476 73 3124 375 207 4256 331 3419 1523 3508 2755 1999 736 5050 2040 2105 1457 3410 2867 4812 1420 1977 2858 936
1407 1968 587
1408 2115 1087 2968
1409 1940
1410 1050
1412 194 1523 1646 3731 2879 3419
1413 4077
1418 1259 2683
1419 5536 1529 5384 517 2683 2070 23 952 1881 148 3419 172 2867 3311 2807 1732
1421 1504 4754 3017 1999 1259 3502 677 3419 67
1423 1087 5410 4976 2755 5016 3482 3686 1499 677 3419 2241 1086 2488 150 5273
1424 1446
1425 2840 1578 4828 5016 5945 3419 5447 4799
1426 4083 5602 4517
1427 2840 3508 2780 4517 5093
1429 1610
1430 5169 3502
1431 1504
1435 513 4858 3482 5730 5050 342 677 933 2683
1439 2840
1440 4694 3502
1442 330 1450 2985
1445 4976 698 677 337 4271 1811
1447 5273
1449 1811
1452 1545 3053
1454 4275 933
1455 1504 1420 5410 1529 3419 736 1450 1259 1018 5447 4514 3744 2683
1456 1504 726 337 3502 2626 3419 5154 4077 3686
1458 1529 3017 4083 2238 677 423 2792 2807
1460 720 203 1779 1446 3419 337 1424 1086 223
1462 2840 4385 1086 933
1464 1420 5410 1529 4083 270 1050 337 2194 677 933
1465 517 3053 3419
1468 3482
1469 3508 3482
1470 1999 91 1050 1087
1472 4607 2238 5050 677 2807
1474 123 1634 1578 1968 1888 2105
1475 4644 4446 148 2040 3386 172
1477 677
1479 1560 1529 3461
1482 720 1929 1883 4476 5410 2840 1450 1560 3419 1050 337 2194 1087 3744 933 2683
1484 5169 4476
1485 677
1487 1578 4083
1489 1883 194 1448 1550 3386
1490 1999 1163 958 64 3095 1086 1227 1259 583
1491 4476 337 1888 677 2194
1492 1078 1086
1493 2194
1494 4644 1086 933
1496 1087 3127 3482 3766 3419
1497 4476 5016 1888
1499 2840 4476 1529 2755 1550 4083 5016 736 1499 2780 5447 452 73 150 5093
1500 4644 3086
1501 5447
1502 1259
1506 1722
1507 1644
1508 2840 1504 1883 1968 4976 1316 1529 1578 1560 1087 1078 3053 2194 677 2241 67
1509 513 5050 677 230 1850 2807
1511 342
1513 1446 5081
1514 4083 3822 4517
1515 1979
1517 4003 677
1518 2840 2985
1520 4607
1522 4083 2792 4517
1525 1326
1527 1968 677 3419 3311 1389 1860
1528 2807
1532 1504 5169 1999 258 4976 3518 1560 2755 3053 5050 677 3419 4077 150 1259
1535 2840 1732
1537 4083 3624 236
1539 2985
1542 1610 1448 3766 3390
1546 4083
1547 2840 1578 3482 126 2194 677
1550 1709
1551 330 1578 1050 1888 1259
1557 677
1565 2238 1450 5050 342 677 2807
1567 4256
1568 4476
1569 4083 200 1087
1570 1529 1050
1573 330
1577 1747 1888 150
1588 845
1590 2543
1593 1644
1602 720 1883 1999 2238
1604 2840 1086
1605 607 958 342 4597 1523 677
1611 677
1612 1504 2840 2755
1613 4476 4275 3502 21
1614 2840 3127 1698 1560 1610 677
1616 1644
1617 1968 1604
1618 2780
1621 2115 4679 1078 3766 2780 4003
1622 2840
1623 958
1624 2194
1625 5809
1626 3053 3419
1629 1057 5274 194 5273
1634 3502 1086
1635 1087 203 638 1610 91 3053 5384 5330
1636 2771 1529 1578 1394 1610 5050 677
1638 35 2194 677 2426
1639 1446 1448 1732 677 67 933
1640 1550 2543
1641 1709 2840 2917 3482 5050 1888 2488
1643 1504 2840 3053
1644 91 64 5081 5050 1523 677 1615
1645 4083 3482
1647 4083
1648 4476 4540 1953 3053 5050 5953
1649 172
1650 2840 5828 1999 207 1529 1578 3482 1646 5050 1499 1389 150 5273
1651 1050
1654 1504 936
1655 4275
1656 1504 2543
1658 4476 4446 337
1662 1560 1273
1663 3840
1664 1779 4077
1665 1883 2477
1666 1504 5364
1667 1883 1185 1747 4812
1668 1883 5016 1987 1086
1669 1883
1670 329
1671 3686 2546
1672 828 2546 4812 1087
1673 726 1087 4077
1674 1087 2840 1610 4828 3419 587 5633 2755 91 2238 3766 1644 1888 2879 5154 1086 4476
1675 318 1860
1676 1883 1997 2778 1086 4812 3429
1677 182 4812
1678 91 1050 677
1679 4820 5536 3840 1529 3429 2669 1747 172 2105 4812
1680 1504 2778 410 2375 3822
1681 203 1446 1529 1646 2778 64 1050 3686 1259 1888 3419 4601 1596 1711 1086 936 1389 2807 3822 5809 933
1682 1504 1883 203 726 1201 677 3419 933
1683 677 3819 2546 3419 933
1684 203 638 3124 5093 2040 1888 933
1685 4275 1259 677 148 172 3461 4077 4514 64 4812 2807 3202 1242
1686 23 4831 2056 1259 148 4077 2426
1687 1883 207 4083 2626 677 5953 1086
1688 203 1529 1560 4446 1646 677 4003 3419 1086
1689 638 3686 2906 5447 4077
1690 73 1560 5633 4271 2461
1692 513 1499 1644 2626 2879 1210
1693 1732 67
1694 4607 91 2780 452 5540 677
1695 1087 203 1709 4607 2755 677 1610 337 1499 2626 2640 2879 3419 4601 1086 4705 2426
1697 677
1701 4446
1709 1775 4446 677 2780 4517 5809
1710 1775
1711 1775 677
1713 1775
1720 203 207 1050 1610 677 3419 2780 1086 4514
1723 203 207 1775 3040 5016 4754 1050 1259 2019 3419 2780 1086 4517 3822
1726 1087 203 1529 698 64 2238 677 1499 423 1086 4517 1389 936 933
1727 698 677 1888 936
1728 4083 3482 2792 936
1729 677 3419 4514
1730 677
1731 461 1610 91 677 2879 3419 4514
1732 958 1050 677 1389 936 2488
1735 5050 342 1210
1736 1610 1210 5672
1737 1504 1968 2968 5050 1523 342 677 1583 3744 21 1164
1738 461 2755 342 2194 2780 3744 1529 1164
1739 1722 2642 1957 423
1740 839 1450 1086
1741 4446 91 1860
1743 91 1050
1744 1087 839 1450 3766 5384 1050 3390 4976 2426
1745 329 638 3731 2879 3453
1746 258 1997 4828 670 2879 2546 3419 4601 5154
1747 1394 2238 5050 342
1748 1259
1749 5093 3419 4077
1750 2840 677
1754 5410 958 1078 828 1087 677 1457 158 1086 1732 2867 3258 936 1977 5219 933
1755 751
1756 1140
1759 5050 677
1763 91 1644
1764 1968
1767 91
1770 1050 1888 1811 677 21
1772 677 1087
1776 5169 677
1777 342 677
1778 91 698 5050 638 342 677 3419
1781 3822
1782 2115 64 936
1783 1050 677 933
1784 4083
1788 698 670 828 2626 337 4828 318 2546 3427 1201 1086 3744 67 4812
1789 1305 4446 1259 2014 677 2879 5154 933
1790 5364
1791 2813 2506 3502 1086
1792 1504
1794 2056 158
1795 1883 1050 3390 677
1796 461 1968 91 698 1201
1797 5230
1798 3223
1800 207 1529 4828 677 5409 2879 2780
1801 5784 638 1646 3744
1802 461 1610 4275 2755 839 1050 5384 230 1644 3502 677 1457 2426
1804 3840 1050 1888 3311 677
1805 1087 203 726 1610 2755 698 3686 677 4601 4514
1806 4083 677
1807 1968 1610 91
1808 91 677
1809 4275 1087 375 4976 1646 3766 1050 5384 1644 677
1810 677
1811 839 3766 1050 1644 677
1812 677
1813 677 1086
1814 1610 839 3766 1050 677 3822
1817 5050 677 1368
1818 2771 2238 5050 342 1389 933
1819 845 638 1578
1820 91 839 1050 1644
1821 1929 677 5809
1823 839 677
1824 677 1583 1888 2780 933
1826 677
1827 194
1829 4476 5050 3508 677 4517 1850 936
1830 2755 3162 5602 677
1831 4083 4517
1832 1504 3127 2917 1389 1259
1833 4476 2104 1529 1775 172 2755 1646 1050 2879 677 2461 5809
1834 2879 933
1835 461 2626
1836 1504 2840 3016 3686 4275 2683 3202 3228 4514 1100
1838 4275 2626 3419 3744
1839 4476 2755 1201 1646 64 1977 677 423 1610 4514 1389 936
1840 3766 5050
1841 2104 2879 4077 4812
1842 677
1844 4517
1846 1775 3646
1847 1610 677 3646
1848 5169 1968 2879 677 1087 2241
1849 1446 1050 5330 2194 677
1850 4083
1854 1504 5570
1856 1504 1883 5536 2910 2506 2062 2546
1857 677 3419 4514
1858 91 4446 677 2640
1859 1086
1860 4976 4446 677 1940
1861 4976 1610 1646 839 5384 677 3822
1863 1610 91 1450 3686 677 3502
1864 203 2104 5050 677 2780
1865 1610 91 1086 3822
1867 4607 1610 1259
1868 4028 5060 677 2879 3419 1086
1869 1450 677 4446
1870 1722 677
1871 1644 1811 4077
1874 726 1259 5050 1583 1888 3427 2241
1878 1953 337
1879 1529
1883 2780 194
1884 3162 3419 3819
1885 1610 677 2780 4514 5540
1886 91
1887 3822
1889 330 1448 3053 677
1890 4167 3482 1888
1891 330 207 452 4083 3326 1087 677 1529 1977 751
1895 4476 1732
1897 2780
1898 1504 203 4476 207 4607 698 1499 3502 677 3419 4514 5540
1900 1185 5326 1421 337 172 3749 2801
1902 172
1904 1140 172
1905 1644
1906 4446
1907 4275 3766 3749 2792 1087 2979 3427 936
1908 461 5326
1909 1940
1910 4476 2790 4937 828 1644 3419
1911 709
1912 4083 1644
1917 4607 1201 677 3258 5540
1918 1779 401 3686 1201 5016 698 2640 3766 4517 4588 1389 936 933
1924 1185 1450 1087
1925 1185 5326 4947 709
1926 4446 1711 709
1928 1087
1930 2158
1932 1185 4446 2778
1933 4446
1934 4476 4446 5016 3419
1940 1610 4275 4083 3419
1942 1811 1087 4831 64
1944 1747 2778
1945 1747 4275 266
1946 203 1529 4275 5071 4446 1888 1811 677 4077
1949 1504 207 698 3257 677 1201 933
1951 2626 1811 677 3427 4077 2979 691 936 2807 150 1860 933
1953 1446 1644
1954 4476 207 3482 1446 1499 2543
1955 1446 3482 1888 4476
1960 677
1964 4077 2840 2091 1242
1965 936
1966 1583 677
1968 1775 677 1604
1970 2014
1971 4083
1973 258 1529 1610 958 1353 1500 1050 337 5093 3419 1086 4077 194 2105 936 933 1242 2635
1975 4644
1976 145 4275
1977 2115 207 1888 1615 936 1259
1978 5409 2879
1980 2917 1529 1450 337 1615 4077 150
1981 4788
1984 4275 4476 4384 1087 2879 5447
1990 677 2780
1991 4476 3482 3470 2879 2546 1086 1529
1993 1504 1087 1999 4476 1529 587 958 839 3502 1888 145 1086 1259
1996 1504 4275 3053 1050 5384 677
1997 1888
1999 1050 677 1227
2001 73 698 1050 2879 67 1860
2002 1968 4976 4446 677 3822
2003 2840 330 1087 2755 1646 4271 677 5447 2241 2488 1860
2004 828 2879
2007 5169
2010 1700 1050 1087 4604
2011 375 3766 5050 3410
2012 1747 2243 4446 1259
2013 1504 1883 410 194 4077 4812
2014 933
2016 4083 3482 3095
2018 3223 5410 2917 2819 2056
2019 4083 1610 677
2020 2840 1163 4828 1999 1646 2194 3419 2241 2461 150
2023 3223 2840 1999 4476 3790 4976 1560 1610 3202 5050 4799 677 3730 2241 172 3050 1062 67 4812 150 936
2024 4083 5050
2026 1050
2027 194
2028 1999 1500 2626 2985 1050 4514 4446
2032 1700 1529 5731 4828 4831 2056 148 5447 4446 2105
2033 2115
2034 168 4083 2194 3311
2035 720 1700 4831 1353 4385 1050 3419 5050 1644 1086 148 1457 1172 2426 3790 4003
2037 5602
2039 1979 958 1087
2042 607 337 4124
2044 3162
2045 1389 3822
2046 1504 1529 691 2175
2047 2626 1732 4446
2049 1273
2050 1504 1968 1997 3257 3686 2879
2051 2115 1529 958 423 2593 4077 936
2052 1119
2053 5169 1087 4476 4644 1732 1700 2840 1997 1078 1644 677 3050 2426 4705 67 1389 933
2055 73 2910 1163 4275 1604 2683 583
2057 1087 1504 203 258 1529 1999 3482 1078 1604 587 1644 1164 150
2058 1596 2840 4275 194 3386
2059 4275 2879
2061 4517 3624
2064 1504 5784 423
2065 638 4446 677 4517
2067 1504 1040 148 5809
2068 677 194
2069 1504 4476 4976 1732 978 4601 1518
2070 978
2073 4446 1646 677
2074 1888 4077 1389
2076 1646
2082 330 1529 1999 148 1596
2085 4083 1644
2088 5169 2840 330 1700 4679 677
2089 1087 1999 331 1529 1141 126 933
2091 342 5617 1811 677 1850
2092 461 1610 91 1050 1644 2194 4604
2093 1087 4476 2917 4607 4831 1999 1259 2056 2426 150 1860 4604
2094 4476 839 1259 3095 3419 158 2426 67 2408 223 4604
2095 677
2096 1883 203 638 2477 726 4446 4077
2097 638
2101 845 337 2014 423
2103 845 1646 1811 3744 1389
2104 1529 64 677 423 1086 4517 4588 1389 936 3822 933
2105 1504 1968 1450 337 677 1888 1529
2106 1940
2107 1646 2894 1578 4601
2108 1646 1596 1711 638 3683
2109 1646 64 638 236
2110 638
2111 91 4446 698 1888 2879 2241 4476
2112 4607 1529 677
2117 677
2118 1775 4275 4446 1610 677 1888 4077
2119 677 4077
2121 1968 1610 530 698 677 3419 4514
2122 1446 1968 677 3095 4124 1389 1529
2124 4476
2125 1078 410 423 4068 1389
2127 677 1087
2128 1087
2129 64 2488 2461
2130 677
2131 1545 2056 337
2132 3482 2426
2135 677
2137 1578
2138 3482
2140 4644 2840 2985
2144 677
2145 4083 677
2148 677
2151 1446 1050 638 194
2153 342 677 4517
2155 1646 677 936
2157 4446 5602 1610 4517
2161 677 2626 1583 933
2165 4476 677
2166 677
2167 1881 1578 1201 4077
2168 342 677 1583 2194 4077 5809
2169 342 2194
2171 4077
2172 4275 1578
2174 936
2176 1450 1888 2780 2241
2179 1163
2181 2879
2182 4083 158 2426
2184 172 2778
2185 1700 1888 936 1259 4604
2186 677
2187 3124
2188 330
2191 5169 1715 1999 337 677 1529
2192 958 4124
2194 691 709 5050
2196 270 2238 4275 1500 3482 337 2194 3073 1164 3012 4831 2488 1389 933 194 4446
2197 1979 1732 91 1078 3502 194 461 2840 495 1087 992 2802
2199 1968 1644
2200 4083
2201 1523 933
2202 698 1811 1394
2205 1504
2207 194 677 4517 3624
2211 677 4077
2212 4275 677
2214 4077 5809
2218 1722
2219 2780
2221 677
2222 5447 410 342 677
2223 1050 3502 342 1888 2879 677 3427 1086 3744 1732 936 5809 354 1210
2224 638 1450 677
2227 638 1450
2228 1722 4446
2232 1578 4275 2755 337 1087 677 1929
2234 91 1050 2194 677 2426 3790
2235 4820 194 3766 5050 1610 367 2879 1087 1394 5828 150
2240 5602
2243 4446
2245 4812
2249 1811
2251 1644 1446
2252 126
2254 1610 91 410 1050
2256 3790
2257 1644
2260 2592 4476 3124 513 4256 4607 4694 2879 2593 4124 230 936 5219
2261 1700 2840 4831 91 1999 1644 158 2426 1523 4812
2264 1040 3386
2268 1732 91 2635 2238 2056 5050 677 2426
2269 1979 3124 4831 91 1644 677
2270 1709
2271 2840 2115 1050 2450 2780 1087 1086 751 3790
2277 4858
2278 194 148 1062
2279 1979 5602
2280 1644
2281 4644 4083 4604
2282 1999 4476 1700 4754 2755 1040 2056 986 1646 5050 3017 2819 2546 158 2426 5545 4812 1018 150 5273
2283 1529 1394 4083 1412 2238 3482 3053
2285 1610 4083 1644 1888 2194 145
2286 91
2287 677
2290 3840 148
2291 3840 139
2292 342
2295 677
2296 4607 2238 4003 337 2096 495 1087 3646 2968 2450 2192 3608 821 1100 4621 3202
2300 1700 194
2302 1779 5969
2303 194
2304 5447 3409
2306 4476 330 3124 958 4083 342 423 936 2807 1368
2308 4167
2310 2115
2316 4446 3419 5809
2317 1050 5050 342 1888 1578 677 1596 4517 1265 1850 4588
2318 1529 5050 677 1596 2807
2319 5050 342 2807
2321 4446
2324 1883 1940
2325 638 698 1940 2780 1457 194 1979
2331 1185
2333 2906
2334 4607 1610 23 91 1050 67
2336 4446
2337 4275 2807
2339 410 342
2340 1185
2341 1504 698 3730 342 4540
2345 342 1811
2348 638 958 677 3095 4799 2488 1389
2349 4083
2353 1644
2354 1504 1883 1610 1086 4812
2358 1504 1259
2359 3127 4476 2332 403 666 4083 91 4597 2194 148 4077 1529 4604 84 3461
2361 2840 1700 1529 958 3390 148 1172
2362 1709 638 91 3482 1050 5330
2363 1722 4083 158
2365 1732 1700 2840 2426 67
2367 1732 1450 3358 839 5602 2187 3419 1615 2543 709 3050 2426 691 223 936
2368 1700 1610 1050 1086
2369 4124 2358 4831 4083 3744
2371 5455
2373 2642 64 1450 933 84
2374 4476 1732 845 1610 91 839 148 4597 4271 5447
2375 342
2376 5602 2985
2379 2840 1529 172 2755 666 4083 91 1644 495 3419 4601 158 2426 150 5273
2380 2840 1700 4083 677 3790
2381 3429 2877
2382 4476 1968 1610
2383 1529 5730 3419
2385 720 4275 1050 148 2426 1018 4604
2387 1700 2426
2389 1504 203 4476 587 2755 2358 4831 2238 1086 4601 158 2241 4514 1977 1860 4604
2390 91 2241 4517 4514 4476
2391 158 2426
2394 3016
2395 936
2396 461 1700 4621 1811 194 2792 4604
2397 2358 958 4083 1644 3095 158 2543 2488 4124 3016 236
2398 4476 2840 2968 1424
2399 2669
2401 1646 1457 1086 3822
2402 4858 3686 2543
2403 4077
2404 3127 3686 172
2405 1883 3686
2406 677
2407 4446 1086
2408 194 677 3744
2409 4446 698 1259 1583 2879 3419
2411 4275
2412 1259 677 5330 3419
2417 5016 1732
2418 410 677 2879 2241 4517 1529
2419 1050 5602 1610 2241 4517
2421 677
2422 4976
2424 677
2425 677
2428 677
2429 1504 1883 23 4831 677
2431 2840 1732 2358 1040 2056
2433 1883 203 1732 1700 4828 1450 1050 5050 1164 1087 4588 936
2434 1420 203 845 1529 1775 958 4831 91 1646 1500 1078 2056 4061 3331 1086 2805 2194 2096 158 1164 4077 2426 64 4812 223 2069 5273 3419 936
2435 3124 4167 91 64 1078 2056 1610 1644 1811 158 1545 4604 933
2438 3073
2441 4644 2105 4275 1136 1412 4167 194
2442 1504 5169 4476 4275 2755 1040 4621 1086 148 3017 2241
2443 2968 3419
2446 145
2451 1050 638 677
2453 2640
2459 1888
2460 1504 4476 5447 4607 172 410 677 318 2780 3822 2461
2461 1775
2462 677
2463 1504 203 5016 698 337 1499 3390 1583 2879 4271 3419 1086 4705 933
2464 4976 1775 3390 677
2465 3419
2466 1968
2467 1446 1968 1529 1610 698 677 3419 4601 1518 1201 4077 3822 5809 933
2468 4446 2014
2469 1504 203 726 4124 2755 839 698 3686 677 1259 1499 3419 2780 1086 4514 933
2474 845 1259 2626
2475 4083 3482 1610 677
2476 1504 1412 2755 1714 1999 698 1646 4061 2626 4597 2546 3419 1518 1457 2543 1086 4705 4812 751 933 936
2477 4083 1087 1604
2478 4083 2426
2480 677 2807
2482 1732
2484 3482
2485 1732
2490 726
2493 3508
2495 4644
2497 4275 4083 1644
2504 4275
2506 5828 2014 1529 2985
2507 677
2509 677
2510 1087 2840 1529 5602 1644 1301 4604
2511 4604
2514 1087 4077
2515 1883 1273
2516 3508
2520 1259 337
2525 1087 1450
2526 1504 258 845 4607 4810 172 1040 5730 2879 2187 2426 1490 2867 2461 2270 2488 583
2527 4812
2528 4083 527 2194 978
2529 481 4831 2640 2194 1610
2531 1504 1610 587 670 4812
2532 677
2534 1504 4077
2535 4517
2538 1644 3427
2539 5784 207 5536 3766 3822 3419 3461
2540 1504 1259 1811 677 2780
2543 4083 3482 1050
2545 3502
2547 3017 936
2548 2115
2549 958 4831 4083 1078 1644 158 3790
2550 3427
2551 5169 1732 1811 3409
2553 330 5945
2556 4083
2557 4167 1940
2558 845 1529 958 5016 3419 2985 236
2559 3683 5731 1078 1529
2561 2062 1615 2867 1779
2566 5784
2567 3331 677
2572 1779 172
2575 1700 1560 1305 1050 5602 3390 148 3386 4812 1242 5953
2578 123 1698 1881 1779
2581 4275 1087 1883 203 1779 329 1259 337 1499 3419 1201 1086 4077
2582 513 4256 2238 126 342 677 3419 2593 936
2583 1504 2903 207 3257 828 677 2780 4831
2584 1087 4476 4607 4828 1560 2755 5016 91 3257 1259 677 337 1499 1583 2879 3419 4601 5447 1086 933
2585 1504 1259 677
2586 3502 2158 172
2587 207 1316 410 1273
2588 1316 423
2590 2879 936
2591 1504 1883
2592 1504 1646 2879
2593 1883
2594 1259
2595 677
2598 1883 2778 2506 2158 1273 4077
2601 1316 5570 172
2602 452 139
2603 139 172
2606 2546
2607 1610 91
2608 677
2609 1979 4077
2610 2771 437 978 3502 1644 3822
2612 1504 4476 3840 4275
2613 4476 2755 1646 337 3502 423 1086 4517 1732
2614 4476 5016 1259 1888 1389 3822
2615 4476 4976 1646 1888 2194 423 1086
2616 4077
2617 4517
2618 1259
2622 845 481 2910 1560 2130 91 3482 1555 4597 1644 5093 1086 1523 677 5330 2426 3744 2867 1259 623
2624 1086
2626 4644 5071
2629 2019
2630 2543
2631 1929 3502 2780 3744
2633 1504
2634 1504 587 194
2636 1504 258 1732 3257 828 4812
2638 1700 610
2639 1424 2426
2643 1504
2645 4812
2647 207 423 677 1850 936
2648 677
2649 1504 1929 782 1700 1529 91 2056 677 337 3419 158 4604
2650 1883 1018
2651 1888 4077 4517 1389 5809
2652 1775 677 1888 4077 1389
2653 638 64 1259 1389
2655 1086 4517 3822
2657 2194 194
2658 726 4812
2659 1504 3511 1700 481 1997 2819 2755 1062 1040 3730 1078 1259 2669 1457 2426
2662 1087 4476 4607 6025 2175 670 769 3502
2663 1732 4275
2666 2968 2056 4275 64 84
2667 720 2840 1883 1450 4828 2778 4792 5330 736 1421 2105 3386 2985 1523
2668 845 2894 4384 156 1018
2669 5326 330
2670 1450
2674 1394
2675 1259
2678 698 2780
2679 1610 698 1732 423 3766 4068
2680 194 677 423 2792 936
2682 3822
2686 4976
2687 423
2688 5410 670 172 1732
2690 342
2691 1185 1610 5050 1583 3419 4514 4476 1529
2692 2115 839 3766
2693 726 1997
2695 2626 410 4061
2696 1883 1185
2697 1087 203 4476 1968 4607 1529 3508 1646 677 1610 4271 4514
2698 677 5809
2702 1504 330 4083 1610 1987 1811 2780 5093
2703 677
2704 5169
2707 4812
2709 666 3453
2710 1504 1709 2917 1968 2840 742 1529 2755 3482 1646 3419
2711 4083 148
2712 677
2713 1504 3223
2717 1504 3840 1078 677 4705 150
2723 1450 1259 2019 978 3822
2724 1412 3686 148 1273 5326 2879 1242
2725 1504 1883 1201 828 1259
2726 410
2727 1504 677 2879
2728 1259
2729 1883 203 1646 1811 3419 230
2731 726 2755 2778
2733 5051
2734 4275
2735 123 1732 1353
2736 2840 5731 4083 1450 223
2737 1700 1050 677 1259
2738 2115 5330 2792
2739 5447 194 3686 4540 4820
2742 5447 2593
2743 2755 337 677 5809
2744 1747 952 1050 1087 2840
2745 3223 1504 726 3730 2158 1273 933
2746 5686 2626 2506
2747 172
2748 1273
2749 1504 2158
2750 677
2751 1883 3840 139 2158 1457 1273 1086 1412
2753 139 2040
2754 203 1529 677 1259 4077 391 1450 691 936 3202
2755 172 4275 2801
2756 203 638 2840 1529 3508 3482 1259 3686 1523 1888 2488
2757 337 1888 677
2760 2771 337 4517 3258
2761 720 1087 203 726 270 1450 1446 1050 4077 4588 1259
2763 2113 2115 4083 64 91 337 2014 677 4077 4517 2488 3790
2764 4476 1779 1968 207 4976 1078 1499 677 2488
2767 410 2546 933
2769 2238
2770 3589 2769 4476 1700 1997 2358 4083 839 1646 1450 5384 5050 158 391 5097 933 5672 936
2771 1700 1087 3311 5809 2985
2773 4679 3470 148 1259
2774 2840
2778 1896
2779 123 677 5330 1180
2782 1883
2783 2358 5169 2917 1529 4275 1085 1888 1424
2788 1504 4446 2158 1716 1273
2789 1504 1259 4077
2792 4446
2795 4077
2796 1610 1450
2799 1504 4275 4167 3419 1086
2800 4597 1968 194
2801 207 2840 331 958 270 1078 1499 2488 933 2985
2802 1504 720 1087 1446 1085 1560 4083 5602 3470 1610 5822 1086 4705 1009 4799 1259
2804 2019
2805 1504 1883 726 670 2546
2806 410 3502 3822
2808 2910 1700 481 1086 3095
2809 4167
2810 4167 677 2461 4604
2812 1968 403 2238 1050 1086
2813 1698 1529 3419 1610 270 3683 3331 148 2426 4787 1929 4604
2816 2840 1529 1424 1119
2819 1504
2820 1504 4476 5784 1529 3766 5602 1259
2821 5230
2825 1883 2917 1446 1700 3508 2840 1529 587 1086 148 1968 933
2826 1504 1700 4607 1997 1078 1644 3502 342 677 2593 2426 150 4604
2827 3127 3517 1700 3518 3053 1940 2426 5087 2488 933 3419
2829 1999 1446 331 1578 4083 1450 5686 936
2830 1086 2985
2832 4476 2245 4813 4799 2979 4446
2833 4275 5297 6037 1112 148 172 318
2834 3482
2836 1406 698 1833 1610 1086 148 3073
2837 1446 3482 4590 3419 1087 2867 4256
2839 1523 172 1747
2840 1347 5071 4083 1833 5617 4087 1978
2841 4275 2807
2842 5297 1596
2843 677
2844 1997 1450 638 3822
2845 677 1888 1086 4077
2846 1883 4540 1997 1201 1259 2546 3073 4077 4812
2848 172 1732 318 2546 4812
2849 3412 1732 1997 2778 2546 172 4812
2850 2056 677 148 5330
2856 1504 1968 677 1259 1499 4597 2879 4271 3419 2902 1086 5809
2858 1732 677
2862 4077
2864 2640 677
2866 587
2868 3223 1578 172
2874 4976 2968
2881 5169 4083 677
2882 1747 677 1086
2884 2840 1259 3686 1086 3461
2885 677 2241 4077
2886 677 2241
2887 1578 337 677 4124 1604
2888 3086 1888 677 4446
2889 4828 4446 5809
2890 203 1578 3482 1259 1050 677
2891 1087 1968 4810 1529 2755 1646 3686 1499 2879 3419 5809
2892 2332 4083
2893 1504 4976 1997 1779 2755 3482 677 2488 2461 1604
2894 4476 4256 958 4799 423 2593 1389
2895 958 91 677 3095
2896 677
2897 1578 1450 958 1050 1888 3744
2898 1504 4644 1940 2683
2899 4644 1968 4083 677 3419
2901 1578 1888 3744
2902 4083 1940
2903 3831 1646 2879
2904 1732 2879
2905 4476 845 1078 5602 126 1888
2906 978
2907 958 1050 2593
2908 638 1050 677
2909 1087 3419 677 1545
2910 1578
2912 4083 64 677 936
2913 992 3482 241 3073 150
2921 152 1644
2922 2389
2923 530
2930 4077
2931 123 3223 698 3502 2426 1202
2932 3095 3419
2933 75 5093
2934 330 452 3012 5050 3744
2935 150
2940 2158 172
2943 992
2947 4446 3482
2948 1406 200 736 1732 1490 1596 2105 2075 1420 2748 5946 745 1501 2894 3683 1164 4275 1953 1265 2104 3092 4167 4748 1654 5326 145 2683 5410 4820 5330 3223 3511 4831 4083 1714 952 1545 5016 3482 698 3228 1136 3284 1112 5364 742 4003 3053 2046 5969 1078 1259 2867 4082 5945 2091 4934 3766 3470 3202 1138 5050 4936 3906 3390 2040 3646 4855 1888 75 4114 3410 677 3073 4493 217 1389 4475 150 1202 4787 647 4087 3300 4705 1958 4812 1850 148 936 1578 1000 2021 4799 1210 1421
2951 1896 1242
2953 1929
2955 2271
2956 1529 2130 3549
2957 3223 1316 3482 5050 5316 1523 75 3284 1087 1529
2958 1529 4275
2959 172 1086 751
2962 4476 1610 452 2790 3730 318 145
2965 3257
2967 5447
2968 1883 2158 2546 2543 4812
2969 3257 1259
2974 1529 1201 828 2543 933
2976 2626 4812
2979 2358 2668 5008 4092
2980 227
2981 1217 4590 5809
2982 1504 2840 3470 3202 1711 4812 936 1242
2983 1504 1883 203 4476 1185 828 337 4077 3822
2984 1087 203 1529 677 1259 337 933
2985 1504 1646 3257 1259 337 2879 1550 3790 236
2986 1201 2375 2780 3822
2987 207 1997 2755 2105 2626 1050 4271 3419 1086 3822 4705
2988 2790
2989 329 3730 2780
2990 337
2992 2470
2993 677
2994 1504
3000 1883 172
3004 1425
3006 1504 992 5410 4644 1446 1529 677
3008 1644 677
3016 1968 1529 2755 1646 839 1050 2879 677
3017 2755 91 839 677 2879 4514
3018 4607 677 1940 4514
3025 1273
3027 35 1504 1087 1406 1999 73 5969 2091 720 3938 1700 1578 2358 958 5060 4831 2968 1646 2238 410 2056 1953 4750 3331 438 194 1086 5822 75 3095 227 3525 158 3073 2389 4077 150 4787 2488 933 4604
3028 2668 1644 227 677 4092
3030 3766
3034 172
3036 2917 2840 3419 1078 736 4077 1732 150
3038 375 3202
3039 1883 1529 5016 1646 1050 1499 495 677 2879 4271 3419 1086 3744 4514 4705 1394 1119
3040 726
3042 1504 1242 3127 1529 983 1596 691 3202 3257 2626 4582 952 3819 2879 2546 172 2792 1086 2175
3043 1316 1450
3044 4644
3047 330 4976 4607 4476 1499 936
3048 936
3049 4077
3050 4077
3051 4077
3052 4077
3053 1504 2790 3831 4937 2669 2158 318 3429
3054 677
3056 91 677 936
3059 936 236
3062 4275 1646 936
3066 1504 203 4476 638 1529 2755 2635 677 1259 337
3068 4476 1968 4976 4077 2488 978 1529 5809
3069 1087 73 726 4828 1050 4271 5809
3070 75 354
3073 587
3074 4384 3073 2426 4514
3075 677
3076 4831 2879
3077 2780
3080 4831 91 3502
3081 4812
3082 203 587 5016 2879 4812
3083 5536 1500 410 4061 172 5809
3084 670 172
3085 1504 1087 203 207 3840 1050 4061 5050 337 1747 342 1086 4831 4705 2105 4588 1732 1210 933
3088 828
3089 2840 1529 1050 1888 677 2780
3090 4083 1888 677
3091 4275 4446 1646 1259
3092 1929 4607 337 677 1888 2780
3094 1709 1406 330 2917 5356 4976 5301 3419 1649 4826 5016 3482 139 3715 1499 1644 1523 172 4576 3525 1086 150 4705 1389 548 3686 5093
3096 5326 203 4446 91 3482 5540
3097 4083 2668 527
3101 452 1050 3502 677
3105 1201 2755 1316 423
3109 1883 403 677 3822
3110 203 5734 3766 337 1888 677 3419 2780 1086 4517 4446
3112 4275
3115 172 1412 2879 2780
3116 207 677 337
3117 4976 726
3118 73 4976 1050 67 3822
3119 203 1610 2778 1500 1450
3120 2105 1202
3121 2924 1406 2358 958 695 4826 4083 3482 769 1500 2056 2668 4124 1644 5330 75 227 1940 2408 2241 1087 2426 1227 1929
3123 200 1529 4083 2040 1050 2271 3073 4087 548 933
3124 3040 958 3482 1610 438 2813 1389
3125 1523
3126 1406 691 150 1604
3127 1040
3130 5969 638 1450 4517
3135 4446 2906 677 1086 4077 5809
3136 4446
3137 203 1446 1529 1997 587 91 3257 3686 2879 3419 1490
3138 203 1529 3686 677 3646 1888 3608 21 936 2807
3139 1578 677 3095
3145 1406 437 4003 530 3311 64 548 3790
3146 1406 5316 1888 2780 4540
3147 720 1529 958 139 896 5050 5822 3095 5734 3525 1457 1490 402
3148 4275 2062
3149 2917 5326 2426
3150 479 2626 148 1583
3151 720 1050 150
3153 1504 258 3257 1537 3686 4812 4604
3155 1504 3840 1560 587 3502
3156 587 1050 3822 3419
3158 1883 410 2091
3159 410 1050 1888 2879
3161 2528 2626 4540 3822
3162 203 1775 1646 1259 337 2626 4271 677 1518 4514
3163 4083
3164 148 821 2426 1202
3165 4167 5297 2771 958 4083 64 2488 1120 4588 933
3166 3589 330 401 2207 4083 1499 4644 3409 3502 3508 3390 148 172 4087 1050 1968
3172 1347 4083 5330 1940
3173 200 2375 4083 3300
3176 2075 1732
3178 5828 3502 1523 4087
3182 677 2780
3184 4799 1722 1406 2771 2488 638 207 2477 2755 2528 2358 958 2924 3181 2635 2238 1078 2668 3331 438 1779 3326 3390 75 2879 2687 158 3508 2408 2426 2813 4705 3258 1242 238 583
3194 4976 4275 677 4597 1888 1201 1086 5330 1529 933
3200 3440 5946 1644
3201 2879 194 838 1202
3205 4077
3207 91
3209 1644
3211 4275 4124 2755 3686 1499 677 4514
3215 4167
3216 1560 691
3217 1578
3218 203 2906 2358 1450 2867 896 5467 158
3219 3969 947 1644
3220 1425 2021 401 5946 3124 5230 4601
3221 2091 2243 4760 1140 3419 172 4976 2271 2813 1202
3224 4271 1273
3225 720 1722 1929 1050 5602 4799 1888 3095 2389 2979 936
3226 1709 3689 5050 172 2021 1087 2813 2979 936
3229 2780
3231 5016 5050 172 1273 3686
3233 4476
3234 5016 2543 4812
3235 4476 145 1578 423 4517
3238 337 342 1578 1389
3239 4976 3822
3246 1644 3095
3249 4275 677
3251 1504 1610
3252 5969 337
3264 5536 1610 5633 3686 1644 2062
3267 1504 207 3124 3358 698 1050 2879 4271 677 1086
3268 1968 1646 1450 677
3271 2755 91 410
3272 2879
3273 4476
3274 2158
3275 1883
3276 1883
3278 207
3279 1504 2375 828 2879 4705
3280 4275 677 1086 933
3281 4976 1259
3282 258 4083 1610 3311
3283 677 1711
3284 2014
3288 2626
3292 5050
3293 1529 677 3050 21 936
3294 203 5784 342 677 1888 933
3295 1504 1259 5050
3296 342 677 4077 2807
3297 203 2755 5050 337 2879 4517 1210
3298 513 2755 670 5050 677 4517 1732
3299 4607
3300 677 3095
3301 207 2780
3302 4446 677 3822
3303 677
3307 1446 677
3309 677
3312 1722 3679 2668 947 1644 75 64
3313 172 4275 751
3315 172 1202 194
3317 270 3053 933
3321 4607 677
3322 207 2840 3284 126 330 5672
3323 1610 1646
3324 2243 207 4976 182 4446
3327 4831 1500 410
3329 726 1201 2778 1210
3333 4275
3334 2771 4124 194 677 2879 4517 691 936 1732
3335 2375 1273
3336 1504 3686 992 2879 1273 3822 5672
3338 5326 2096 3482 2238 1425 1811
3339 3508 227 720 1529 2807
3340 258 4590 4275 410 292 3073
3341 5297 1406 1896 3419 1596 3073
3344 1504 1406 4476 3124 1560 2755 2358 139 1078 1896 947 4799 5008 158 1414 1087 2426 2813 933
3345 1529 1596 150 197 354 4604
3346 1406 73 2642 1610 305 4590 607 958 4083 3482 1500 978 337 4799 158 1050 2389 1087 2813 4087 64 936
3347 4679
3348 1406 4607 4083 1050 3162 530 1389 2813 4087 2488 548 933
3349 3546
3351 677
3355 203 1610 423 677 936
3357 4275
3362 677
3363 677 3822
3364 1888 1604
3367 677
3373 1406 3938 3419 3223 1523 75 4576 1945
3374 1062 1700 4813 5060 3482 5330 1610 126 933
3375 5602 5050 1457 197 3202
3376 4476 4385 3311
3377 149 5828 3223 838 172 5809 1929
3378 1504 2840 4476
3379 1883
3380 4934 3502
3381 677 1940 1604
3383 1999 2096 2894 1062 4083 3482 3181 2238 139 2668 3331 5316 3390 75 4576 1087 2426 4087 2807 527
3384 855 4275
3385 3223 4934
3388 4003 2924 1957 4446 1140 91 3482 2056 4082 5602 5050 3162 1940 3095 933 1865 4604 2488 3461
3392 5540
3397 677 3822
3399 1968 2755 1499 5093 1811 677 2241 2488 236
3401 1504
3402 1732 5447 2461 3461
3404 2985 1883 172 3822
3408 726 2879 1273
3410 1500 1775 4092
3411 3822 3300 4590
3412 4934 1412
3413 3095
3414 1961 1864 1940 1316 720
3415 149 2906 4275 2668
3416 495 75 5043 2271 1610 4275 978 5087 527 1087 936 4003 2021
3419 2352 3412 3683 5262 4588 3092 3436 3482 5633 4480 1394 3073 2408 150 2867 1545 751
3422 677
3424 2771 3840
3431 3419 4831 5809
3439 1501 5410 3092 4083 148 1864 4976 1136 1457 217 4087 3218 4705 1958 3155 4588 1929 4082
3441 1406
3442 4590 4754 4082
3443 720 2924 4446 4083 3482 4087 4003
3444 1136 148 1202
3445 4275 5447 4768 5262 5467 148 1523 4087 3300 2894
3447 3482 2194 1644 2426
3448 861
3449 4446 5262 1881 4083 670 5050 5316 5822 5008 1394 2105
3451 1968 1300 1654 1050 4644 4308 5043 751
3454 4476 698 1610 1583 1518 4077 1732 3744
3455 1968
3457 2755 1500 3819 1086
3458 172
3462 677
3464 4446 4092
3465 751
3467 5330 1700 4754 1604 1715 1654 4083 4694 847 3092 769 3202 148 5299 5602 1864 677 5008 821 150 548 5809
3470 5809
3471 1136 742
3474 1722 72 3508
3476 2771 331 4679 2062 517 4813 2091 2755 3092 3482 3691 126 4082 4782 1864 4590 3202 1241 172 5536 148 1050 1217 5517 3419 995 3749 1957 3422 2069 2408 217 5043 709 838 3300 1958 5087 4812 936 2271 1124
3478 1775 1644 2450
3479 4976 1545 4083 3482 150 709 691
3480 1504 194 1596 145 2917 2105 328 2894 2104 258 1450 745 983 1501 2394 5301 1961 1997 4590 2968 2062 5326 5319 5262 1953 709 4831 4813 1201 3092 1654 3436 3618 1957 5410 149 5297 5170 4771 3511 1714 3482 4754 3012 839 3284 2778 2640 1328 5969 3691 2271 3830 1259 828 126 4082 5230 5602 3377 3470 2059 1711 5467 5050 4936 3124 2021 1085 148 691 1245 1811 1555 4514 411 1273 1523 1888 75 318 4114 3766 2879 2780 3914 3410 4275 4601 3461 1968 1424 3422 1457 3073 1210 2408 2238 2389 217 1086 298 1414 2426 150 647 452 1050 2121 3218 4705 1958 4812 936 1351 1788 1977 2897 1860 3561 1981
3482 1316 4083
3483 1316 751
3485 1406 5051 4493
3489 992 3092 2894
3490 1406 1560 670 3409 5602 2046 148 1085 2187 1245 1732 1583 838 1202 4812 1850 150
3491 5297 4476 5364 2626 1328 1191 5051 437 3092 1050 5602 3691 5050 1523 1457 1732 2019 1394 1086 5043 298 150 4787 1490 4275 1864 677 4812 4831 623 548 2807 933 1424 2894 1242 4082 1596 452 3683 1087 4679
3493 1610
3494 4493 5447 1100 1715 1537 3409 2894
3495 5330 3482 1450 4275 3073 3561 194 1202 4003 2426
3496 168 5330 4480 1087 3482 1715 3284 64 2894 4003 5633 1775 2271 2379 2194 258 1610 1711 1604 1389 5299 3561 148 1545 3162 1864 5326 4256 2450 1136 172 3040 3422 217 4092 4087 4083 3218 423 5097 3790 5809 1860
3497 1775 5602 4517 3624
3498 1775 677 4517
3500 1504 2780 4476
3505 3840
3507 677 3744
3509 1504 172
3510 4384 4077
3512 1185 4446 4812
3517 5050
3523 3686 148 1951 4976 4644 1596 1112 1353 1180 3050 1210 1550
3527 5633 2780 1273
3528 720 194 1490 2096 1265 4644 330 258 5330 5828 4124 411 200 1185 3202 1087 2813 1523 745 3969 3790 2062 499 5274 1881 4771 1714 1085 3482 2925 698 5154 2640 1499 2271 4621 126 3074 172 4275 4936 3683 1245 3326 3390 3646 1888 3419 1550 3749 1457 2408 1112 2687 1775 292 4475 3016 623 2807 2014
3529 1406 837 5230 2506 3502 3731 1523 3822 4493 3284 4787 1112 5364 1788 2807 751 150 2070 148 4082 4679
3530 1732 3482 194 4275 2091
3532 4114 1009 2105 1078 5330 4446 1999 1124 5301 1596 3683 4275 4813 3040 4167 4590 2070 5071 354 1714 3202 3482 2925 2894 3440 2056 4082 2271 2091 3618 1864 1711 2021 4799 2040 1050 4828 3284 4748 838 647 3300 150 1850 4831 1351 1788 1545 1014 5809 3561 4604 583