0 238 1841 1242 3646 5421 172 4761 307 5031 332 5489 410 754 3559 5720 2069 5988 5562
1 307
2 3646 136
4 3646 5309
5 1841 2270 2245 3084 4604
6 5562
9 3822 3124 530 5472 3084
10 3124 4679 3057 307 5444 1841 1346 2968 136
12 4980
13 3284 1202
15 1841 3646 3686 1483 2231 5789
16 754 5720 5988
18 89 5309
20 3124 2270 1841
21 530 3646
23 1301
24 307 1841 5489 1716 423 754 1732 1610 5789
26 2062
27 1202
28 307 677 5720 5789
30 889 1202 2917
31 3124 1841 89 3646 5394 1087 1929 1457 3084 883 1124 1264 5789 1116 3624
33 1610 3157 3177 1841 3124 2795 1716 754 1732 1979 136
34 4768
35 150 307 1181 330 136 5789 5686
38 1841 332 889 1559 3559 4604 4586
40 1841 1202 5784
42 2867 1841
44 1841 1388 1242 307 1202 868 2231 5562
46 3611 1841 89 2245 530 98 3124 3409 3646 307 5872 2809 2320 1483 1457 1412 883 4604 5720 3461 1264 1116
48 4768
49 3508 4514 3611 2808 73 89 2271 2245 530 4806 5472 1020 5169 4576 1654 4831 307 4799 337 992 5068 754 1483 5720 136 1264 3511
50 1841 4806 307 332 1202 4604
56 4858 5330 441 1483 136
60 3157 3124 720 3969 1841 2917 5789 3511
61 89
63 1977
67 3057 3646 441 5472
68 1841 751
70 238 751 1412 1979
71 1347 5789
74 1301 1087
80 404 5391
83 1483 3474
84 5789
86 868
87 1116
91 1841 1264
92 3124 3822 889 1116
96 148
97 307 4604
100 4505 3646 307 5577
101 136
103 1347 5444 868 5784
105 3157 495 3332 89 238 4061 2022 754 1559 3084 5309 5720 136 5784 4590
106 1388 2040 3332 5309 5169 1841 2783 4828 3830 3461 1264
107 89 1414 1841
108 2062
111 1841 1483
112 2062
115 5577
116 5391
118 1841
131 2394 1940
132 3124 150 1841 1942 5472 5309 2917
133 3124 4806 1242 1610 3066 3474 1483 1979 5999 2917 3561
134 1841
136 748 4056 1172 2917 5789
138 1483 1732
139 3157 3124 3790 1841 1977 2635 1388 5409 839 4040 5169 332 4056 754 1483 1457 3559 4604 2231 136 5789 1116
140 1841 4768 441 1116
142 868
143 404 754
144 1841
146 3181 1841 148 115 234
147 2809 889 5988
148 2231
150 1841 2245 3124 3646 3284 1412 5789 1116
151 1414 5472 4604
152 2270 2130 3646 1412
153 89 2270 1841
154 3124 530 1841 2022 2049 1181 1202 3218 3084
159 4040
161 495 1559
164 1841 1942 5472 307 1957 2917 5789
165 3284 1412 4677
169 3157 3057 1523 1623 5394 270 1116
172 1732
173 3157
174 1301 5489 3054 342
175 1202 868
179 1716 1596 4604 3300
183 307 1841 292 1483 4604 2917 1116
185 1301 3646
187 1841 3646 5472
188 1028 4799 3300
192 1202
194 5309
195 751
197 136
203 3300
204 150 839 1346
205 3124
207 868
210 3969
211 2867 4514 1087 2500 936 1841 736 495 1457 1957 3559 1623 270 868 5789
212 89 1202
214 3646
216 1483
217 2130 1518
218 5472 307 5170 889 5309 868
219 1242 6037 5562 5789
222 3177 1841 89 1242 839 5472 307 332 1457 136
223 3176 136
225 1264
229 3686 136
231 1028 2175 1545 307 2121 3474 330
232 1841 4604 330
234 3157 4768 1202 2021 136 1116
237 4256 3474 1979 136
238 5489 889 3054 1202 2917 1116 5784
242 89
244 1483
245 150 4597 495 238 35 139 2130 530 98 1020 172 5391 992 3001 754 1112 1559 3559 3084 883 4604 5720 4586 3228 1264 5789 5421
247 4980 1646 1841 5489
250 132 691 1483 136
251 1087 1202 136 5784
252 868
256 3066
257 751 3124 5999 4947 3273 4806 5409 1642 307 328 3766 2795 1202 1483 5731 1273 234 2759 4604 855 1242 2917 2231
262 3474
265 1841 4310
266 5169 307 1841
267 3157
270 3646 1841 1202 3084 136
271 5490
272 126 330
274 35 3646 1202
275 3157 307 5489 441 1412 4604 1264
278 3611 839 1841 1716 1414 4514 3332 307 4576 2121 754 298 5720 136 1264 1116
282 89 530 3124 1610 5169 307 332 1911 1483 4604 2231 330 194
284 1346 2231
285 3066 1559
288 1716 3157 839 172 5169 307 1604 1979 5330
289 5472 172 307 2917 3300 1116
290 172 2187 1116
291 4768
293 1841 1483
295 751 1483 172
297 1301 530 2130 2795 1559 136
298 136
299 89 126 1977 839 18 2500 307 2062 2022 5068 754 883 5720 5562 942 136 1264 5789 2897
300 2245 307 1979
301 1732
302 149
303 3157 868
304 3157
305 4505
309 495 441 136
313 530 1555 5309 868 2917
314 2917
317 332 2062 423 1483 1457 2917
319 6013 1841
322 1242 307 1841 4040 441 2795
324 3663 89 530 3646 5577 5309 868
325 3157 150 1942 5789 1116
326 5784
328 839 307 754
329 530 1841 3124 136
330 2270 1841
331 4768
332 3066
333 1202 3589 3124 889 5720 5391
334 1841
336 1841 1414 89 3057 2394 1242 5472 1751 307 5872 2795 1181 423 3559 3084 1394 5866 2070 2049 1087 4087 136 839 5789 3202 1850 1596
337 3124 2808 1841 2271 1242 5472 307 2795 4604 5988 136
338 2640 936 868
341 3124 5577 4124 1610
342 889
343 1716 3300
344 3157 3124 98 5169 332 3066 3054 3559 5784
345 1202
346 530
347 3124 89 5472 332 1841 1141 1483 2021
348 35 3124 2113 839 2021
349 1202
350 89 1141
351 1942 5472 5309
352 868 1116
353 89 5169 5651 1483
356 839 1610 1559
357 3124 1841 3066 2320 1483 1559 1202 3084 4604 136 1116
359 3646
360 307 2270 1841 1202 3084 2069 2021 2394 1116
361 1957
362 1202
363 3066 136
368 1841
370 4505
382 3646 1841
383 3461
385 3124 1942 868
387 332 330
388 1957
392 4056
396 4980
397 530 330
401 4930 1202
403 3124 1483
404 2917
406 3646 1483 330
407 1957 1087 868
409 3822
410 2808 2130 868
415 89 1242 307 1841 3001 2795 1346 136
416 1414 3332 4056 3559 868 5562
417 1301 3646
421 4768
423 307 3066 2231 330
425 5562
429 5489 1202
430 4980
432 3124 495 5999 1841 3273 89 2270 3057 530 1766 98 5472 5169 3362 307 3218 5291 2049 5489 6037 1483 3519 623 1596 1644 136 2897
433 3124
440 1202
441 868
443 1483 1202
444 3066
446 1841 1201 5562
449 3124 1841 2270 1957 5472 4604
450 3157 3124 307 1483 4604 5789
452 5169 3559 1979
455 3124 1301 2270 530 3646 1087 4576 2906 1523 307 1841 1977 1957 441 2795 883 5391 5720
456 1483 1202 3461 330 5789
457 2897
458 2105 330
461 868
463 1202
467 5472 839 1732 1202
468 3646
469 3124
472 5472 332 754 4604
475 3124 1957 5489 441 889 1202 5309 5421
482 1841 35 1483 136 1116
483 3157 3124 1841 307 5489 2795 5618 3559
484 1841 1414 4768 1202 623 136
488 1940
489 1841 5562
490 5169 1018 332 3066 4604
492 3084
495 868
497 5789
498 3300
499 1911 5789
502 89 88 1020 4576 4724 307 4061 3993 2809 2795 754 1483 3054 3084 883 5720 5562 136 5784
504 391 2635 4806 5169 307 748 2795 4604
506 4980 307 2231
507 839 2917 5789
508 495
509 839 4768 423 4604
510 1841 2231
512 1242 5562
513 1202 4604
514 89 4256 3012 2985 5489 3474 1346 3054 5562
515 3474
516 35 5169 1841 3830 1457 298 5720 1979 1264
518 3124 5472 1550 1346 4604 5562
523 307 1716
525 3157 1841 5472 3066 410 2795 1457 883 4604 5720 136 5562 5784
526 3646
527 89 3646 3461 136
529 35 2270 1841 1346 1483 1202 4604 5720
536 150 1841 1242 691
539 1202
548 1202
549 1979
552 2596
553 3177 3546 3830 1273 234
556 1957 5309
557 5872 889 1202 3461 868
558 1202 2610 582 2808 1942 3273 2640 3362 1642 307 1346 3054 136
559 1841 1414 4980 3646 307 332 2809 342 1457 3559 883 1979 5988 5562 5784
560 1841 5472 3646 5169 307 4799 754 3084 136
561 79 3124 307 3838 2394 1483 1202 4604 4586 136 5789 1116
562 3157 35 530 64 2270 1141 1181 3559 1087 5720
563 3124 73 2271 1112 5472 1020 2500 307 5489 2795 754 1412 3084 1596 1265 5720 952 3519 2113 1714 1264 3202 2897
564 4980 1141 342 1181 5314 3461 5784
565 3157 238 1841 307 1911 342 1181 883 5784
566 1747 1457
567 4256 1242 839 1841 2795 1202 136 5562 1116
569 839 4576 1446 3686 1483 5784
572 868
573 4256 1841
575 839 2808 1841 89 2245 1957 3332 5169 4576 5445 1420 230 3001 1716 754 3559 883 5720 136 1264
577 441
580 4768
582 73
583 4980
587 5169
591 307 1841 1483 330
592 530 2592 1841 1087
595 1483
597 1711
598 1018
600 1957
603 1202 2610 3124 307 3066 2049 5731 148 868
604 3124 495 1483 3054 1202 136
606 3066
608 136
611 3157 1940 1841 2795
612 530 3646
613 150 4505 1841
618 332
620 172
621 839 1841 868
623 150 5784
624 5410 1388 1747
626 1351
638 868
644 3611 330
645 148 3124 1841 1346
650 1716 2917 5784
654 5633
655 868
656 3157 238 1414 230 1446 5068 1483 1457 2917
657 5945
658 3646 883
661 150 4806 1483
665 495 1841 5651 2270 3124
667 4505
668 1414 3084 1979 136
670 1841 194 1596 1116
673 5562 238
678 150 4040 1977 5394 1351 1020 5169 1457 1112 3084 5720 2105 3228 5988 1264
690 4768
692 4768 1483 3461 2917
695 3228
699 1841 1414 1112 839 307 4056 194 1732 3731 3300 5789
701 1301 530 342 1559 3054 1202 3084 136
704 1202
705 3646 5309 868
706 150 3646 2500 194 1841
707 89 1977 3084
709 3646 2564
716 3157 1841 883
717 3691 1116
718 3012
719 3124 868
720 751 5314
721 5472
722 3124 1957 3461
723 1483
731 5309 868
734 5784
737 1957
738 3546
739 1957 1841 889 5866
742 1644
743 1841 5489
744 3124 1841 4694 4604 2231 5562
746 868
751 1414
754 3157 2917
755 3646 868
758 3611 150 2808 73 1087 35 139 530 5472 5169 4061 5869 1841 3546 754 1483 3084 623 1414 4820 2187 194 2022 3461
760 1841 1942 89
761 3066
764 1841 3646 1412 3474 194
769 3646
771 751
774 1301
775 889
776 1483
784 1351
786 332 5391 2795 1181 1559 5945 96
787 4514 1020 5169 342 3838 1911 1181 5314 1559 3559 1979 1555 194
788 1414 1490 5169 1181 3559 868 1979 1087
789 332
790 3409 1346 1559 5988
791 1716 1414 89 5169 2500 1841 3001 2795 1523 4999 1979 1302
792 910 1716 1414 1388 3077 5169 2500 332 5391 3686 2795 754 3830 1644 1264 3624
793 1716 332 1979
794 423
795 332 1087
796 1087 720 3057 530 4597 2802 5169 5031 292 2795 5314 3300 5330 3840
797 172 5402 1181 1202 1412 3519 2759 2105 952 1264
798 223 582 2808 238 2175 1716 5402 720 3124 1747 1141 1732 5169 332 1841 3284 2049 3001 1181 342 5784
799 332 1181 3517
800 1716 2035 530 5169 2105 5031 332 2783 410 1181 754 3084 1414 3228 1264 4310
801 2867 2610 89 5402 5169 2096 1388 3284 292 452 3105 1218
802 4256 5169 230 441 2795 342 423 5314 3559 5988 5784
803 332 1181 3517 5988
804 172 3691 5489 1181 3517 5988 4768 1264
806 1942 5784
807 4514 5051 150 1414 2802 98 5472 5394 5169 4061 332 3001 1181 342 754 3830 3054 3559 883 3312 5988 194 5784
808 150 4056 3084 5945 5784
809 2783 587
810 1020 1388 1181 754
811 4514 2121 4597 1028 910 1414 1977 839 1020 5169 1112 1181 754 3830 1850 1596 1732
812 1841 3332 3273 5402 2167 2076 1020 936 148 1642 5651 332 1112 115 1202 1483 1457 1596 3084 2759 1394 4826 1264
814 530 332 748 1087 1181 1942
816 4514 5051 709 720 1446 194 298 5391 3819
817 5945
818 6013 1087
819 1087
821 410 423 5314 1412
822 332 5536
823 332
826 1087 1940 5784
828 172 5169 3012
830 677
832 1987 4799
833 5169 332 1559 5784
834 5784
835 332 1412
836 3686 1087 1979
837 4799
838 5169
839 2808 172 5330
841 3822 1414 720 5169 332 1841 748 4056 5489 2809 1181 6037 423 754 3559 1979
842 1414 1942 5169 332 4056 623 1264
843 5421 2795
853 5391
856 2130 2500 1368 4826
857 530 1414 139 1388 3409 1020 5992 5444 5330 441 1716 1559 3084 4586 4310
858 5536 4930
859 1414
861 3805
862 839
864 3822 5945
867 677
870 1841 3066 5489 136 3202
872 5789
875 1841 3066
878 1841 4056 754 2917 2231
880 330
882 3611 89 1841 1202
888 1957
889 839
892 4980 5472
893 839
894 1414 720 4980 1646 4056
895 530 5577 1578
896 4576 868
897 1414
898 1578 5472
899 194 4980 530
901 2070
902 868
904 3822 1028 3012 342 1181 5314 1979 5784
905 1578 2795 270
906 332 270
907 1578 1087 5720
910 230 4980 1242 2795 342 1181 3559 883 868 5784
911 1578 4799 3461 5784
912 441
913 1028 5784
914 1578 1028 2795 1181 3559
916 1841 1446
917 1578 4256 4056 441 1979
918 1414 35 2130 1929 2270 3124 5472 4799 5869 1841 5489 5291 2049 115 896 2320 1559 3054 3084 1850 2867 1242 952 3749 330 2167 1714 5391 3202
923 1841 754 3830 2231
924 5999 1841 89 2040 1646 936 1172 868
926 2375
927 4768 1264 2105
928 530 896 751 1811 1747
929 3822 1841 1559 136
930 1841 1388
931 5789
932 330
933 1483
936 2245 1483 1610 1050 1116
938 4040 1202 3461
939 3124 1242 4588 1732 423 3559 4604 4586 2059 5562
940 3611 1841 1424 1087
943 1028 73 1716
944 332
946 172
948 5472 132 1141 5651 2795 423 883 5720 2450 868 1202 5988 4087 5789 3362 1596
950 238 5472 5169 332 1841 5988
952 3157 150 4505 2105 838 1242 5169 1841 2795 1550 330 3511
953 223 89 839 3650 5577 3474 2121 1610 298 1979 4586
954 150 1028 5784
956 4799
957 1414 1841 1181 452
958 1087 332
959 530 1911 5969 754 3559 3105
960 1028 3228
961 150 1751 5444 3461 868 330
962 3611 839 3332 89 307 992 1412
963 5554 3332 3273 1087 1929 720 238 896 1642 3463 4799 2379 751 5326 1181 115 754 1354 3084 1596 2867 234 2759 1242 952
965 3157 3124 2902 3969 2270 1483 3054 1202 3461 136 3202 1596
966 2867 2610 2500 889 5784
967 1841 839 2795 1716 1202 1420 2917 136 5784
968 5169 2231 5789
969 3474
970 230 5169 2379 332 2121 2795 754 3559 883 5720 3461
971 530
973 150 148 35 3838 5489 441 3084 1979 3766
975 200 411 3686 1181 3461
976 150 530 5472 1087 1181 754 5314 3830 3300
978 1841
985 1841 1957 3646 889 1483 1457 1202 4604 5789 2897 4310
988 5169 4056 3474 1087
989 5472
991 2130 2270 1841 3284
992 2130
993 5472 4826
994 1979
996 5169 194
998 150 89 2635 2687 5472 5421 3650 342 332 1841 230 2795 3830 1610 1457 3332 3474 2069 298 1420 3731 5988 3624
1002 1596 1483 1116
1003 223 150 238 1242 332 230 4697 5562 1116
1011 194
1012 839
1018 3157 3066 441
1019 1242 4576 332 1716 754 298 4586 330
1020 3157
1022 5472
1023 4463
1024 1424 4576
1025 172
1026 2394 4820 2231 5784
1027 4040
1029 754 3084 4604 2231 136 1116 5784
1030 3474
1031 191 238 5169 1604
1032 1264 2105
1033 5169 5472 1979 330
1034 4679 5409 4768 5988
1035 2121 2783
1036 3157 4820 3001
1037 3830
1038 3830
1039 150 1414 2635 720 530 1087 5472 3332 5169 4061 3838 230 754 1412 3228 1264
1040 1457
1041 495 139 2130 238 3332 1347 342 4061 3830 3559 3084 883 5720 1124
1042 3157 150 2035 4597 1181 754 1559 3559 5720 4586 2809 1596
1043 3157 35 139 2130 530 98 5472 1020 342 1414 3993 3517 754 3559 3084 5720 4586 3731 2917 330 5421
1044 5314 1457 3084 5720 1264
1045 5472 4799 751 754 3084 5720 330
1046 3474 172 5784
1047 150
1048 1578 1716 2635 720 530 3409 736 423 3559 4999
1049 2069 5409 22 5402 3077 4576 2783 194 298 3312 5945 3228 1578 5988
1050 441
1051 150 1841 3332 3546 5402 3202 896 936 172 1642 2105 2049 3519 3084 1596 3300 1264 5789 182
1052 1716 720 332 2783 1181 5068 2245 298 2105 3228 1087 3691
1053 1977 172 4799 292 1457 3054 3084 1550 495 5784
1054 3157 5784
1055 230 2130 3124 5394 342 441 754 1457 1559 883 1412 330 5391
1056 150 1028 839 172 5169 3066 6037 330
1057 3589 1716 1841 230 1181 6037 1112 2759 1732
1058 3611 839 3124 238 98 307 230 1087 889 3105 136
1059 150 230 3057 5472 2795 3084 1979
1060 2270 5651 1559 1412 5720 194 1116
1061 150
1062 4463 172
1063 3589 148 88 1841 5489 709
1064 4514 1414 3057 5394 2783 754 3830 3559 883 5784
1065 150 2270 4559 2450 1242 5421 1841 1559 883
1066 3611 139 3077 1087 5472 3410 5169 5869 2783 3546 423 3830 6037 3084 623 1555 3691 194 4820 2022
1067 3377 1841 191 22 2130 3202 4947 896 3646 1351 3463 2379 2105 1181 115 1202 2320 1559 1596 3084 1644 2867 2759 1124 952 1264 5789 5784
1068 1242 332 1841 4604 1116
1069 1841 5391 4828 5784
1070 150 238 5169 194 1841 5489 754 3830 3559 298 1979
1071 3822 3057
1072 3611
1073 1087 838 4799 1181 3830 2783
1074 5051 1716 1414 2802 2783 1087 4586 5988 1264
1075 2121 720 2802 1388 838 5472 4799 2379 4056 754 330
1076 194
1077 150 172 1716 1414 307 754 3084 298
1078 3611 720 1779 98 18 5421 5169 5031 2795 3559 452 868 4586
1079 150 5421 172 1716 4586 5945 4864 3461
1080 150
1082 5169 5988
1083 2130 3124 5472 5169 4799 754 5314 1412 3084 298 5720 3461 330
1085 148 4621 495 1929 238 3124 5472 1347 5169 2379 754 1559
1086 223 150
1087 2979 5472 5169 4576 5391 292 754 1412 5988 5455
1088 1841 4463 1483 4604 2917 330
1089 3157 236 530 98 3124 1388 2076 1942 1087 2379 332 1841 4056 3559
1090 3822 2035 530 2802 4799 2783 292 1716 3559 298 3461 3105 5988 1264
1091 1020 1181 1412 3300 5784
1092 5409 3686 1716 5314
1093 1555 3157 720 5472 1020 1550 332 3284 3011 2245 3084 5945 3228 1942 5784
1094 150
1095 2802 3077 5472 1351 1020 2783 1550 3228
1096 172 332
1097 452 5169 292 1181 3830 5945
1099 1716 172 1841 410 1412
1100 150
1101 5554 22 3202 838 936 1642 4608 3463 318 2049 2121 115 6037 896 1483 5314 3559 883 1850 2046 1623 2759 3040 952 1957 3300 330 1264 5784
1102 98 64 172 3001 5247 423 3559 298
1103 3549 1555
1104 5651 194
1105 2121 3157 4799 2979 720 98 1414 5391 5068 3474 1550 172
1106 3332 238 1351 1087 5577 1841 3084 5784
1107 2506 35 5169 1087 3001 3546 2867
1108 3124 423 1242 5472 3646 5421 307 5444 332 1716 754 1559 5536 5988 136 3461 2897
1109 1841 89 3124 5409 5169 5472 307 3001 1483 5314 1087 330 136 5784
1110 1087 1382 1020 3105
1111 3646 1751 307 2062 1202
1112 1314 5421 410 423
1113 3157 3124 5394 5421 5169 5577 332 230 1141 2121 5489 5314 883 4586 5988 2021
1114 3124 4806 307 5314 1979 2231
1115 622 1414 720 1181 754 3084 5784
1117 1596 1646 5489 115 5720 1394 5789
1118 3157 1559
1119 1202 3057 5472 1087 3559 298 3624
1121 3157 1414 2130 3057 1942 839 5421 5651 342 4576 1181 754 5720 5784
1123 839 136
1124 1716
1125 3157 332 1841 441 5314 3474 5720 5988 5784
1126 1087 4256 5169
1127 1414 89 5169 4930 452
1128 150 5169 1841 4586 1596
1129 150
1130 3822 1414 2270 677 1181 3084 1555 4586 1578
1131 1351 150 2040 2827 307 4576 332 1841 410 2121 5784
1132 1028 1598 1929
1133 150 330
1134 3157 1414 530 1227 1141 230 5314 1559 3084 330
1135 1977 5169 307 332 1841 4586 5536 2105 1264
1136 839 2379 754 1202 2167 1596
1137 1977 1841 423 1087 5784 194
1138 5730 1841
1139 172 5169 4677 1087
1140 150 1028 1242
1141 3157 5784
1142 238 1751 1087 5784
1143 150 172 2802
1144 1610 3011 1368
1145 1414 3124 4124 2379 332 1841 4056 5489 2121 1181 423 754 3559 330
1146 3157 3124 1911 3831
1147 1087 150 1009 1242 5421 2121
1150 150 1388 5169 5577 5031 5489 2121 754 1559 3559 4586 5988
1156 230 889
1157 1202 1596 2130 1841 1811 194 5789 3202
1161 1979
1164 1979
1167 4463 1977 4576 1841 6037 883
1172 3157 1841 136
1173 720 1979
1175 3646
1176 3157 3646 5273 2795 1483 136
1177 1578 3332 4576 5789
1178 1457 1368 883 1979
1180 2130 530 2062
1181 838 2245 5784
1183 3559 1979
1187 1841 3300 3686 2075
1189 3646 5651 342 1414 1841 3066 495 1368 136
1190 1841 3284 1202 4604
1191 839 1841 2245 3715 1716 754 1483 298 3300
1194 2802
1198 1265 1483
1199 3066
1200 4980
1202 3124 5472 1642 2270 1841 2022 2049 1181 1202 1646 3054 3218 3084 1242
1203 1009 342 4799 495 1368
1204 495 1202 136 839
1206 35 4826 5472 2270 1559 3054 1412
1207 495 441 1559 354
1208 3124 5472 495 2795 1979 5562 354
1209 4124 3157 1141 1202 868 5562 5784
1210 305 1559
1211 3646 868
1212 150 1028 5472 1087 5444 839 441
1216 5489
1217 530 4831 2175 1716 754 5314 1457 1559 3054 3084 883 298 5995 5784 236
1218 2640 115
1220 89
1221 89 307 1841 2795 3084 868 136
1223 3124 1414 2062 98 2687 3646 1841 3284 4056 1202
1224 150 1942 5421 5169 332 3066 5489 3001 4586 2783 5945
1226 3646 307 5720
1229 1709
1230 1747
1231 1841
1232 1596 1483 3054
1234 839 307 2022 5489
1235 3124 307 4604 136
1236 1087
1238 1841 307 2245 4604 1264
1243 3124 1028 3105 5444 1979 136
1245 73
1248 1301 3054
1250 1242 441 5309
1254 2270 89 1202 1116
1264 1242 1957 1202
1268 754
1269 1841
1270 3517 4505 1841 89 2035 307 4621 332 410 3284 1202 1596 4679 234 3461 150 1623 1979 587 4864 691 5789 4446
1275 889
1276 89 3646 889
1278 2270
1280 3646
1282 5314
1283 1841
1284 3611 236 1841 3124 3105
1285 1942 889
1291 2062 4768
1292 1841
1294 889
1295 3054
1297 3646
1299 150 89 3646 1841 441 1202 5309 868 5562 1116
1301 89 5577
1310 4040 3054
1312 3611 3124 1242 307 1841 2022 410 1202 3559 2021
1321 3646 1841 1202 2917
1323 1957
1325 3124 150 3177 2808 1424 1841 1977 5472 307 839 5577 332 4604 5562 1116
1326 1841 1412
1333 1301 89 1841 2795 889 1559 3157 3084 1412 5720 5988 136 5562
1334 98 1732
1338 2245
1339 5686 1716
1342 1841 1483 5789
1344 3646 1523 1141 1202 3084 883 4124 136
1345 441 3228
1351 3646 1202 3084 2021 1116
1353 3157
1358 3066
1361 5489 1202
1363 4505 3646 1841 5489 4931
1367 3124 1301 530 3646 2270 1841 441 942 1202 3084 5720 136 1116
1370 1301 1414 89 332 1841 1141 1559 1202 1347 3084 883 4586 136
1374 4514 1301 236 1841 4604 5720 136 5789
1376 3124 136
1377 5784
1379 307 1841
1380 1141 423
1381 194
1384 1841 1112 1116
1387 3157 35
1390 1841
1391 3066 330
1393 1301 2130
1394 3646
1397 3124 35 1977 3646 889 3084
1399 3124 2245 5472 2270 2320 754 1412 3084 1087 1979 136
1400 2917 5789
1403 150 1957 3646 1202 5309 1116
1404 3054
1405 3084 4679
1406 3157 2808 89 2270 1020 5169 4576 307 754 883 1087 5720 3105 1264
1407 4694
1408 3054 1202
1412 89 307 1841 423 4694 3105
1416 4679
1418 5169
1419 3157 1841 3300 1264 1116
1421 3157 3124 1841 98 6013 4256 3646 172 4056 441 1346 1457 495 1623 270 868 2917 2021 3050 1264 1116
1422 4275
1423 3157 1841 1414 839 3124 1957 4806 1242 5472 4576 410
1424 3646
1425 1841 3012 332 1202 3691
1426 1301 2394 5489 883
1427 89 3646 1841 5489 3461 868 136
1428 5577
1429 1841 330
1430 2105 2062
1431 1841
1432 3066 5517
1435 3589 1301 1841 4040 5169 1412 1202 4694 5866 1116
1436 4980
1439 3830
1440 3157 1346 1446
1445 150
1451 4768
1454 3124 1841
1455 1841 3332 194 307 2022 4056 4768 2795 6037 754 1457 4604 1264
1456 150 2121 754 3559 1598
1458 1301 3646 5247 194
1460 4768 1181 2231
1462 1087 3969 441
1464 3157 3124 1414 1388 307 1841 751 5489 1483 2917 2897
1465 754
1466 4590
1469 89 5309
1470 342 5784
1471 748
1472 3084
1474 3124 1841 4056 1202 5789
1475 1841 391 587
1476 404
1477 1979
1478 4604
1479 1483
1480 5988
1482 3124 3332 88 1977 307 4576 5489 4056 754 1457 4999 136 1264 5789 2897
1484 3157 89 441 2021
1485 1841 868
1487 5489
1489 307 1181 298 182
1490 3124 1841 89 2394 5489 441 4831 3559
1491 3124 3084
1494 1202
1496 1841 89 2394 4604 5789 1116
1497 1388 1181 754
1499 2270 868 136 5562
1501 148
1502 1087 4799 3040 2231 1124
1507 4679
1508 3157 89 4806 1841 5489 410 1181 5309 270 868 4586 2231
1509 1301 4040 1841 3332 1977 5651 1457 1202 4694 2897
1513 3646
1514 4831 2113 1202 354
1522 89
1523 2062
1527 4505 236 5489 4056 441 1346 889 5562 1116
1528 1301 530 270
1532 4679 89 3012 1841 5489 1181 754 3409 4590
1537 5577
1539 5472 754
1542 3157 3124 1977 839 2021 441 5784
1544 3611 3066 1202 1087
1545 751 1559
1546 4799
1547 3611 1841 2394 3646 4604
1551 1841 4056
1555 1841 5489
1562 1841
1568 3124 5169 4446 1412
1569 5866 1610 1116
1570 5577
1573 1841
1577 148 1841 3646 839 194 1483 1412 3474
1584 5489
1586 1841
1588 89 1841
1590 3157 4463 1979 623
1595 5391
1596 2897 889 868 4694
1599 2809
1602 5789
1603 4768
1605 1977 1202 3084 136
1609 1732
1612 148 307 1841 1201 5309
1613 3157 3332 2917
1614 3066 3474 1483 4604 868 2231
1616 5489
1617 839
1618 307 1841
1621 1301 89 2394
1622 5734 4768
1623 1414 889
1624 3057 2062 3314 5247
1629 172 3300
1631 4768
1633 150 5472 2917
1635 1841 3646 495 5489 337 4604 5988
1636 2130 3646 1841 2785 441 194 2069
1638 2610 3362 1087 1979
1639 2506 3611 1841 4256 307 1483 4604
1640 1979
1641 89 441 1201 4275
1643 307 1202
1644 1301 1977 530 3646 5489 1559 3084
1645 3646 868
1647 4124 5309 4864 136
1648 3589 3157 1841 1523 461 5651 330 5093 6037 3474 623 1979 5720
1650 3124 1841 1942 2635 3057 1242 5472 5489 3474 2394 889 1457 2069 2021 4864 5562 1116
1654 2979 172 1181 3766
1658 3124
1659 1940
1660 172
1661 2270
1662 1940
1663 3409 1087
1665 172 332
1666 1181
1667 1087
1669 5999 1414 5402 332 148
1670 4799
1671 172 4799 5945 5784 194
1672 3822 5394 172 1841 1181 3830 5999 3840
1673 3822 5999 1420 5444
1674 4256 5169 5444 5577 332 1716 6037 3559 883 868 5988 5784
1675 5731 2759
1676 3228
1677 1020 5169 1716 5068
1678 1028 1347 4056 5314 5784
1679 1716 3077 2500 2783 5314 5945 1264
1680 3611 5472 1087
1681 1202 2610 582 2808 35 2130 3202 2270 3124 1009 5409 5472 1642 1559 3054 3559
1682 4576 5489 1087 3461 1202 3766 839 3202 1596
1683 5169 332 3284 1716 1596 1202 1242 2985 1264 5789 3202
1684 1977 1388 2379 4576
1685 2610 5051 582 22 1841 200 3559 330
1686 5402 530 1163
1687 238 1227 5169 5489 754 5784 4310
1688 4514 3157 423 236 1414 530 1388 5409 2379 1841 3686 754 3559 330
1689 1414 3124 5577 2795 754 3559
1690 720 4576 5536
1691 5169 3409 3474
1692 337 3001
1693 5169 3066 4604 1979
1695 150 98 1242 1841 3066 423 1457 3559 4677
1697 2062
1701 2062
1709 2130 690 1841 883 1265 4124 3766 5789
1720 2130 5651 5472
1723 2076 1841 3474 2121 1181 4864
1726 3611 150 2808 2130 2270 1242 754
1727 35 2270 3054
1728 3646 3124 868 136
1731 3218 1087 2022 5720 1394
1732 3646 2270 754 5784
1735 150 4930
1737 1977 5489 1141 868
1738 3124 89 1977 5489 1979 868
1739 35 2500 5623 1979
1740 5472 868
1741 1578 4980 3012
1742 868
1743 4980
1744 4980 530 98 1388 1646 423 3559
1745 1351 148 172 1716 720 332 5945
1746 3157 150 3124 4576 1087 754
1747 3157 5447
1748 3410 1841 3686 3474
1749 307 1087 3084 5789
1751 4768
1752 883 4694
1753 1141
1754 1351 3332 64 1020 307 4061 4799 5489 2795 1716 754 5866 1979 3731 136
1756 3663
1758 3157
1759 1610
1760 1644 868
1763 2500
1764 5309 839
1770 342 1202
1777 3377
1778 4980 4799 839 5562
1781 4980
1782 2270 1841 3124
1783 1979 5577 5489
1784 4275 868 4864
1786 5540
1788 1028 332 1841 2022 3066 3830 5720 4586 5789
1789 2802 1841 4768 4677 868
1791 1414 3546 5169 5444 332 3474 1181 5784
1792 6037
1793 5169 332
1794 2783
1795 4275 5789
1797 1979
1799 3157 4864
1800 5394 4802 5314
1802 4446 5169 5784 4310
1804 1942 4980 98 5309 441 1346 3559 883 5784
1805 1596 1141 2795 342 1346 1181 1457 3559 883 5784
1806 5988
1807 1028 1942 5444 5784
1809 1578 4980 1979 5169 2070
1810 1979
1811 4514 1028 4980 307 3686 1979
1813 4980
1814 4980
1817 5562
1818 5577
1820 1578 4980 342 5784
1821 3474
1824 150
1826 307 332
1829 4799 2795 5720 5562
1830 307 3377 3461
1832 3157 89 1242 5472 3646 5309 4604
1833 150 5472 3474 5309 1550
1834 1751 5472
1835 3157
1836 307 726 1483
1838 5577 4056
1839 3157 148 1414 2130 530 2270 1141 1559 3084 5784
1841 4826
1842 5472 1841
1844 3646
1846 2610
1848 3124 1942 3663 307 3054 868 5562
1849 2062 4124 1347 1346
1850 1301
1854 5169
1856 4799 1181
1857 64 868
1858 1028 1942 5472 3461 868 1979
1860 1578
1861 4947 3273 4980 1747 1087 5309 4056 1202 1644 1394
1862 1732
1863 4056
1864 2795 5720 5988 5562
1865 2809 5299
1866 1424
1867 5784
1868 150 98 1368 868
1869 150 441 1368 868
1870 441 330
1872 22
1874 150 236 1242 5577 2897 5391 4586
1879 5472 307 3066 3686 1202 868
1884 5472 230 5314
1885 150 889
1887 1979
1889 1116
1890 1346 794
1891 1841 4637
1892 1020
1893 868
1897 1273
1898 3157 5169 1181 3474 5720
1899 4167
1900 1841 423
1901 1087
1902 4446
1904 1087
1905 1087
1907 748 1523
1909 709
1910 1841 1368 1087 3300 5784
1912 2867 3646 1841
1914 89 5577
1917 150 1414 1559
1918 35 2130 3057 5394 1347 2379 4799 2270 1841 1181 1559 3084 1412
1919 868
1924 1716 423 1347
1925 4576 5330 1087 5784
1928 709 1412
1930 3589 1841 5988
1932 1940
1934 423
1940 1087 3195 1841 1483 1202 3474 5789
1941 1301 883
1942 4275
1943 5577
1944 5169
1945 5169
1949 223 1242 1942 330
1951 1202 148 5051 582 623 1087
1954 150 5169 1751 2022 1559 3559 2917
1955 441 1483 868
1959 1559
1964 148
1966 1265
1967 150
1968 530 1394
1972 1412 330
1973 1711 3611 4947 5999 839 1747 1642 307 423 5969 5869 1841 1172 754 3519 1623 2021 942 1087 136 1116
1975 1979 5789
1977 3157 35 89 1977 3646 530 2270 1841 3284 5489 3124 354 4864
1980 89 2270 1841 1483 3084
1981 5489 3054 883
1982 4604 330
1984 5472
1987 172
1990 230 2130 5472 5784
1991 3124 1841 1242 839 5169 307 1412 5309 4586 3731 5789
1993 1841 307 2795 3559 1979
1996 1596 1841 4056 1202 270 1979 5988
1999 4679 1141 1202
2001 5169 5444 332 1420 1181 4697 1929 5784
2002 1028 5472 5455
2003 4806 5472 3646 5169 307 1841 1141 3474 1201 1483 1202 3559 5309 868 2021 5562
2010 172
2011 3663
2012 3012
2013 4799 332 423
2016 2062
2018 845 1420 307 1483 1264
2019 4275
2020 3124 1841 1388 1242 839 4056 3474 4586 5562
2021 1301
2022 307 4768
2023 3157 238 1242 4576 307 2022 1716 754 1264 3731
2024 4505
2028 1841 3332 3646 172 2022 4828 423 5394 1087 3461 3691 5720 5789 5472
2029 3561 307 5391
2030 1841
2032 1841 2088 5169
2033 4040 2917
2034 3646 5489 868
2035 2867 3157 2795 754 342 1264 5789 1116
2036 3157
2037 1301 5489
2039 3362 1642 148 2049 115 1202 3218
2043 5169
2044 342 4799 1202 3461 5051
2045 3474
2046 172
2047 330
2049 172
2050 98 1242 1087
2051 3124 2270 530 1977 1841 3084 2968 2271 136
2052 3461
2053 2867 1841 2985 936 332 5562
2055 2245 1979
2057 3157 3124 1388 4806 1242 4644 194 4828
2058 148 1412
2059 1751 5577
2061 1424
2064 1596 1388 5472 1841 3001 1181 1559 883
2065 883
2067 2867 5402
2069 150 1942
2072 5577 868
2074 5872
2077 5577
2082 3157 4980 4604 868 2917
2083 3461
2085 3474 868
2088 2795 5789
2089 4597 307 1841 194 1457 5720
2090 5489
2091 3124 495 441 1368 1202 136 1116
2092 342 1841 1181 1202 136 1116 5784
2093 1841 307 1394 4256 5838 5562 5789
2094 2867 3157 1841 1414 1020 307 2809 2795 754 1412 4694 5720 2069 2897
2096 1578 1414 720 1598 1316 4061 4056 423 5314 1979 4864
2098 1979
2099 1284
2100 3084
2101 2113
2103 5577
2104 2506 150 4124 2130 1559 3461
2105 4124 3461 868
2106 4799
2107 1202 2610 2808 423 5577
2108 2610 2808 2640 1747 3646 5577 1610
2109 2610 582 3646
2111 1028 868
2112 3054 5784
2118 3377 5577 4056 839
2119 64 3377
2121 5577 4576 3559 868 330 1578
2122 3124 5489 1346 3105 5866
2123 330
2125 238 1841 3084 4604 1087 1979
2126 1301 5562
2127 889
2129 3157 3124 3362 2320 3218 1578
2130 1957 5489
2131 1841 1202 5097 2917
2134 1940 5562
2138 1841
2140 1172 4604 5789
2141 1604
2144 4679
2145 3766 3646 1841 1116
2149 2130
2153 1457
2155 4056
2161 1028 1242
2165 3157 3124 1841
2166 868
2167 1242 3461
2168 2808 720 64 1202 4931
2169 64 5577
2172 1942
2173 3663
2176 3157
2180 4505
2182 2062 5489 441 1050
2185 2270 1841 5489 3084
2186 5489
2187 1977 2088 1979
2188 4806
2191 2979 1346
2193 868
2194 726
2196 3124 423 3822 5789
2197 2867 2610 3663 1924 695 5472 1778 2917 5562 4864
2200 1202
2201 150
2206 172
2207 2130
2212 150
2213 1716 2130
2218 1979
2221 148 1911 342
2222 150 1009 4826
2223 150 35 709 3157 2130 1779 2022 2897 1957 441 4826 1457 1559 1412 2104 5562 4820
2224 748
2225 1977 1394 1968 748
2226 709 1968 748
2227 4799 1968 3011 748
2228 1979
2232 89 4806 3646 1841 3511 1202 5309 5562
2233 89
2234 936 1841 1087
2235 3157 1841 3332 89 5472 5421 5720 5866 1446 5562 1116
2246 172 1598
2251 1202
2252 3611 330
2254 1414 1646 332 441 1979 5784
2256 3124 868
2260 130 3332 2271 530 5472 307 4576 6037 754 1559 1347 3084 2069 623 292 136 1264 1116
2261 1420 4256 1841 1346 1202 5562
2262 4768
2263 5489
2264 307 6037
2268 1841 2062 5472 2088 2897 1457 4694 2917 3731 1116
2269 1841 4514 1346
2270 89
2271 330
2272 837
2275 2062 4694
2277 3830
2278 1014
2279 150 2062 868 5789 5314
2280 4597
2281 2867 3332 1841
2282 3157 238 1841 586 1924 1911 307 3474 754 5309 5789
2283 2088 1087 4694 1202 5866 1979 5562
2285 530 5489 4694
2286 5489 1778
2287 2105 1264 4679 194
2288 194 2917 5953
2289 1202
2290 4806 1009 1202
2291 4799 677 1087
2292 1559 3054
2294 4799
2295 121
2296 1202 3157 582 1841 2979 35 22 3273 530 3650 1642 136
2297 4505 1979
2299 4768
2300 1141
2302 1014 330
2306 3157 1301 3646 441 1559 1202 3084 2069 2021 136
2307 1316
2308 307
2310 5784
2312 3749
2315 952
2316 148 2049 3766 1202 3300 5789
2317 2610 148 35 2640 530 1766 2076 5472 230 3084
2318 2610 1424 2640 2040 1979
2321 5784
2322 172
2325 3312 5945 5384 1264 5784
2326 1446
2331 194 5784
2334 150 1028 839 1841 441 5988
2336 1716
2337 1087 1732 3312
2339 4799
2345 2130
2348 2021 3646 1642 4124 332 1841 3066 5489 1141 148 2049 3474 1265 896 889 2320 3519 3218 1623 2759 4604
2349 1301 5992 3054 3084 1778
2353 330
2354 5472 5169 2917 5789
2358 330
2359 2610 3157 89 2500 495 1202 5562 5789
2361 1414 3157 942 1388 5409 1316 132 1841 754 1610 5472
2362 1841 1596
2363 2610 3066 5623
2365 1163 4576 4604
2367 1414 3646 2500 5169 307 4514 2897 1716 2320 1483 5330 5720 270 136 437
2368 2224 3223 2917 1116
2369 2610 1957 5992
2371 4806 2917
2373 1942 936 1841 1979
2374 3157 3332 89 1596 307 1841 3938 1911 3474 1457 5720 2394 5562
2375 3084
2379 1841 3332 2361 3057 3646 936 5992 5489 1523 2795 5394 1112 1977 1202 1394 4864 5562 5789 3202
2380 3332 530 2500 1412
2382 530
2383 530 2500 936 1841 3054 889 1483 1202 1116
2385 3157 1841 22 1911 1766 2167 5409 936 1642 1483 3084 1596 2759
2386 530 1087
2387 2917
2389 2867 3157 2130 98 2500 754 3559 5720 3461 330 5784
2390 495 4124
2391 1028 3066 1347 4256
2392 1841
2394 2795
2395 530 2130 5489 3084
2396 3822 3157 2917
2397 2682 2062 5489
2398 4768 1227 172 1732 6037
2399 1732
2401 720 1977 3124 1388 992 754 298
2402 2076 3409 1642 5291 1202 1273 234
2403 2175 148 1642 3463 1202 2759 5051
2404 452
2407 2500 4056 5789
2408 3157
2409 1028 1242
2411 4505 1028
2412 5169
2416 3938
2418 1028 5309 1979 5784
2431 1841 4806 3001 1202 4256
2433 2867 3157 1841 5169 307 5489 1446 1202 5720
2434 2610 1841 1414 89 530 1977 5472 2500 3938 4576 3362 527 5489 3686 292 942 754 1483 1106 883 194 2897
2435 2867 530 3646 2088 1163 2270 3066 5489 3084 548 5789 1116
2436 3766
2438 1202
2441 3105 3482 330 5410 1714
2442 530 936 1841 1483 2917 182 695
2444 1957 5602 1087
2446 592 5314
2451 5472 3559 5536
2454 2049 3766
2460 5169
2463 89 1977 5421 3012 5577 332 1841 423 330
2464 89
2465 2968 1811
2466 3838
2467 5472 5577 4056 3838 5309
2469 150 1028 1977 5730 98 5472 5421 3012 1181 2795 3474 1811 3559
2473 4768
2474 35
2475 4806 3646
2476 150 1911 332 1141 3830
2477 150 2408
2478 1347
2490 1977 1716
2497 3157 3511 1116
2504 5008
2506 1957
2509 910 2917
2510 3589 530 3054 4679 4597
2513 330
2524 748
2525 1028 5169 4799 1979
2526 238 3332 89 5472 2088 4576 4597 1420 2809 754 4999 5720 1124 5866 4586 3731 1264 5784
2527 2802
2528 1977 868
2529 5309 5992 910
2531 1716 1242 5169 332 1979 5784
2532 868
2534 5169 5577
2535 839
2538 3474
2539 5472 754 1457 2394
2540 150 2130 3691
2543 6013 5489
2544 4980
2545 5444 5784
2547 89
2548 89
2549 3124 89 3054 3084
2551 3124 1841 5314 1202 1979
2553 1732
2556 868
2557 3066 410 2687 3284 868
2558 3157 1841 238 1596 1018 5472 5169 3066 754 1483 1457 437 3084 2231 2897
2559 3001 1202 1087 337
2561 2270
2568 2130
2572 625 4586
2573 5402
2575 3157 4768 1841 1957 936 3559 5789
2578 1841 89 391 5169 307 3066 4799 5720 330 2021
2581 150 1242 5409 2062 3066 5314 4586 330
2582 3157 3124 1301 1841 89 2270 5472 441 1559 3084 2069 2021 136 3202 1596
2583 6037 3546 330
2584 191 3157 150 1414 1242 5421 1347 5169 332 4514 423 754 1457 623 2917 330 1264
2586 587
2588 4256
2590 5489 4820
2592 1028 5577
2595 5169 5577
2598 172 1555
2601 3830 5988
2602 172 1747
2607 4799
2608 1979 330
2609 4806
2610 1559 5784
2612 1087 1242 1316 5784
2613 3177 1414 3124 4056 3766
2614 35 3124 3766
2615 2270 3124 3766
2616 64
2617 2270 1646 3686 5784
2618 1251 2076 5472 1483 1412 1264 2105
2622 2610 3157 1841 89 3195 1388 2500 5992 307 1163 4056 5489 896 1457 270 5866 3731 3409 1264
2624 5517
2629 1716 838 4576 330 5789
2630 3546
2631 5720 5988
2632 150 5444 4799
2634 5444 5577 3686 5784
2636 172 4463 2802 1242 5472 5169 1642 754 1412 4586 330
2639 3332 89 1163 1841 1446
2641 5489 1346
2647 1732 2802 1841 230 1559 3084
2649 64 2500 2783 1163 1414 1841 1457
2651 35 3084
2652 148 3766
2653 148 3124
2655 1578 148 3124 4799
2658 3066 2245
2659 2867 238 89 5402 936 307 4697 754 5562 3461 1264
2662 3157 1841 5447 1388 4576 307 2062 709 5489 2795 1483 4679 4604 5720 2105 5988 3766
2665 5489
2666 2610 1087 2088 2281
2667 2121 150 1841 1414 2635 194 3066 754 1202 1732 2069 1264
2668 1942 307 3830 1202 452 5789
2669 1412
2675 3461 1979
2676 2500 936
2678 423 1368 4310
2679 5394 4799 2783 5945
2680 3646 1483
2683 4799
2686 3559
2687 3284
2688 4586 5988
2690 4446 150
2691 4124 5472 3461 868
2692 4980
2693 5577 4077 3228 5455
2694 5784
2695 586 332 1414
2697 150 3124 1242 1284 423 3624
2698 5472 5309
2702 5472 4576 5489 1979 4931
2703 5309
2704 1202
2710 3332 22 3273 3202 530 5409 3646 936 5869 1841 5291 148 2049 441 115 736 3218 1596 1850 1610 1623 270 2069 868 2062 2897
2711 3157 2088 3084
2712 194
2713 1550 3622 330
2717 3646 4586 330
2718 5169 332 1979 5784
2719 910 3001 623
2721 5577
2724 2802 5169
2725 1578 5472 754 5309
2726 172 2783
2727 2175
2728 5577 2121 3686 330 4310
2729 150 1242 5169 332 754 1087 4586 330
2731 5623
2732 172
2734 4679 1242 952 5988
2735 1424 4750 1264
2737 2867 2610 3157 1841 1977 5651 2795 3054 883 5784
2738 3124 89 5309 2062 3084 1116
2739 150 2035 1242 3409 307 992 1483 5314 5330
2743 1942 868 1578
2744 1414 5421 332 3624
2745 3822 150 172 720 1716
2746 5169 2917
2747 1112
2750 5444
2751 5394 1181
2752 332
2753 172 1119 5988 5784 4931
2754 3424 5999 2640 1388 1646 332 748 4056 423 754 1347 3559
2755 1911
2756 5472 4056 896 423 2231
2757 5577 748
2758 3124 5472 330
2760 839 35 2270 3124 3474 1559 330 5784
2761 3157 2877 307 332 2062
2763 3157 2270 5489 3054 1202 136
2764 3157 3124 307 4604 2105 2917
2767 720
2769 2088
2770 2867 3157 238 1841 1414 4761 307 332 896 754 1457 4677 5720 4864 5988 5562 2897
2771 691 3066 4275
2775 1957 3646 5577 1483
2779 4576 1202
2781 751
2782 720 330
2783 89 6013 307 2979 1483 5445 182
2792 2361
2795 89 1483
2796 5784
2799 1747 1610 5789
2800 3066 5489
2801 3124 5999 1841 1414 89 1977 4061 910 1446 754 4799 883 4604 5789 2062
2802 3157 1977 4040 4576 2104 4056 5472 1116
2804 5490 855
2805 4576 1087
2808 495 1957 5472 5992 1202 2281
2809 2564
2810 4980 5992
2812 5409 1841 3686 1347 3831
2813 1264 2819 1112 172 307 4576 1841 2022 3001 883 2917 5789
2816 1841 437
2819 1716
2820 1414
2821 4799
2824 4382 3066 3218
2825 2610 3157 1841 2682
2826 89 2130 3646 5651 1841 751 5489 330 1202 1087 1979 5988 5562
2827 2867 2088 1163 1841 1087 1202 2231 5789
2829 3611 148 1841 1242 307 3066 1181 2917 4310
2830 3689 5789
2832 1942 1388 1018 1841 1202 4604 1264
2833 3424 1841 1942 5391 5789
2834 1424 3284 1412 330
2836 5467 5402 1264
2837 3157 582 1414 1957 3646
2839 1354
2840 1218 1354 1389 4061 148 2687 179 4799 2049 548
2844 172 748 1181 5784
2846 720 423 2245
2847 5577
2849 1747 5169 1841 1979 3686
2850 1841 4604 3691
2851 5472 1841
2856 1242 5169 5577 5314 5536 2917 330
2858 3409
2859 4056
2864 2610 3054
2866 3686
2869 3195 3646 4275
2871 1747
2876 3066
2881 3646 1598
2882 5330 5536
2884 1841 3124 1483 2917
2885 3124 3012 5577 868 136
2887 1141 1202
2888 1424 720
2890 236 1957 3646 1841 992 4056
2891 5472 3646 307 5577 5869 423 1100 3218 5309 1979 2917 2167 1732 5562 839 5789 3202 3624
2892 1957 1642 5577 2022 3519 5309 1623 868 1116 5789 168
2893 3124 1841 3057 3646 307 1483 868 839 2394 5562
2894 89 2270 4806 1841 136
2895 889
2896 3066 1202 868
2897 3124 4056
2898 4576
2899 238 1242 1202 1116
2901 889 1483 2917
2902 89 889 1202 2917 1087 1116
2903 88 5720 3766
2904 3409 307 194 5789
2905 89 5472 4124 1483
2907 342 136
2908 3054
2909 1841 3474
2910 1979
2911 2062 5489
2912 1957 3969 3066 1202
2913 2022 148
2921 2867 3066 1979 1598
2930 1578 748
2931 2610 1841 2500 3066 855 2840 330 1264
2933 838 5651 5720 548
2934 4275 1841 4167 1087 3066 1823 5489 677 2021 3050
2940 1181
2948 3157 1841 1550 98 1314 2076 2877 5472 839 3332 3938 751 2445 3066 1823 5391 2809 2985 179 3517 2245 4679 2069 1264 1116
2949 1841 3482 330
2951 751
2953 150 3066 4828 548
2954 3195 2534
2956 1646
2957 3832 2062 855 5720 5789
2958 172
2962 5169 332 96
2968 5051 720 5169
2969 2121 4828 5784
2974 1716 2596
2976 172 2500 332 4828
2979 5672 3832 1412
2980 5326
2982 148 2808 3686 4604
2983 423 1414 2635 2802 1388 5169 4858 4056 726
2984 5169 2379 423 4056
2985 150 1388 1242 5394 3559 4586 3731 330
2986 3611 3409 2019 1087 2500 2783 6037 3830 1412 2105 1264
2987 98 1942 5421 332 1841 3830
2988 4799
2989 172 3686
3004 1009 2088
3006 3157 3124 1841 89 1388 2394 3646 307 1716 3367 136 5789 1116
3008 868
3016 3273 2640 2076 5472 3646 936 5421 1550 5291 3766 1265 1202 1483 148 3559 1596 234 1623 1490 4310
3017 1028 332 1265 1202 3559 1623 868 2809
3018 1028 3766 148 3519 1623 868
3024 148
3027 1841 5945 89 88 4782 4806 5169 4056 751 3066 4114 200 2795 5489 1242 896 1347 3559 3040 5789 4310
3028 1841 2062 3646
3033 3819
3034 1716
3036 89 2270 3057 1957 5169 307 1483 136
3038 1841
3039 223 150 1977 3057 98 1242 5394 2022 2121 1716 5330 3011 3559
3040 5536
3042 5169 332
3043 1202
3044 1202
3047 3157 1242 332
3053 720 1555 3830
3056 5988
3059 1559
3062 1559
3064 1987
3066 150 3124 1841 5489 3084
3068 3646 307 751 3066 3011
3069 2795 423
3070 666 4576 4310
3071 720 2062
3073 4576 3209 2840
3074 191 751
3076 4576 332 1841 1523 5784
3077 751 1716 1265 172 1181
3080 5489
3081 172 5169 1087 1942
3082 3399 172 2979 230 720 2019 2783 1181 423 3474 1087
3083 5577 1181 298
3084 3223
3085 5051 2808 3332 3273 1977 3202 5472 4576 1642 4799 332 1841 2075 1202 5988
3088 3686
3089 1841 307 5789
3090 868 5562
3091 5577
3092 150 441
3093 35 1979
3094 223 1841 4677 1414 1218 238 3969 2046 4724 2785 2379 441 179 592 270 194 4864 5562 1264 3511
3096 2610 4980
3097 3195 4275 4694
3101 889 1202
3109 423 720 748
3110 1841 2019 3409 5314 1483 1368 3474 3559 3461 4864 5789 1116
3111 5309
3112 5945
3113 3646 5489 194
3114 194
3115 1351 5472 2121 5391 1716 3284 4586 3228 1087
3116 4782 748 330
3118 530 1242 5472 4930 423 4864
3120 5945 1264
3121 5467 495 1841 5617 666 1354 3715 5992 4761 4061 1604 3066 1823 179 2069
3123 3517 2564 495 4040 337
3124 2608 4275
3125 4644 3209
3126 3195 3066 4679
3127 423
3130 1559
3135 150 1242 5472
3136 1596 1623 1394
3137 2808 1242 5169 4056
3138 1711 582 2270 5869 2049 230 115 1202
3139 4768
3140 4799
3145 1841 5992 2062
3146 1865 5123 3332 139 5651 3066 1578 2049 1264 5789
3147 3017 1841 3273 2785 3066 5489 2320 5309 4256 5562 548
3148 5299
3149 3040
3153 2088 5169 5314 4586 2783
3155 307 332 5784
3156 2040 4799 677
3157 1841 330
3158 5169
3159 1028 1979 5784
3161 2802 2500 5577 4820 1347 952 3766 5789 1596
3162 150 1979 330
3164 5314
3165 2785 4061 3084 1414 677 4310
3166 2894 1841 3832 3518 1316 1124 2809 4679 2985 1550 4864 1264 5789
3172 2867 5992
3173 3424 1841 1942 1555 330 2394
3174 148
3178 3832
3182 35
3184 2867 2582 2610 1793 1841 1414 89 690 5472 2500 5992 2785 1500 3066 754 3084 5720 5866 5789
3185 2271 720
3186 1251
3194 332 868
3197 1841 5008 3461 3561
3200 3332 4310
3201 1028 910 4820 3832
3202 1087
3207 5444 4061 332 342
3208 4799
3209 5169
3211 3157 1028 423 868 1420
3215 1559 5784
3216 5169
3217 5472 1202 1610
3218 3157
3219 5050
3220 3332 2130 5489 838
3221 1841 1218 4799 2076 2985 1550 4864 5562 1504
3225 5672 1957 5489 2450 2320 3084
3226 1841 89 1604 5489 410 194 495 1264 1953
3227 148 4275
3231 1020 332 1181
3234 5068
3235 35
3238 4799
3239 148 3084
3246 1559
3249 330
3252 5051 4056 3084 5945
3253 172 754
3256 1747
3258 2130
3264 5444 1346
3267 223 1578 1394 839 5421 3284 1841 6037 5784
3271 5444 1979 5784
3272 5394 1368 1979
3274 332
3275 3830
3276 2500
3277 623
3279 838 2783 1112 1368 330 1596
3280 582 5169 3559 330
3281 6013 5169 1087 4586
3282 3646 1087
3283 1979
3291 4505
3292 1301
3293 1559 3084 1850
3294 4826
3296 1711
3297 150 35 2270 1559 5720 270
3298 2130 5651 4999 270
3299 2130 1559 3766
3300 1424
3301 2783 1368 2394
3303 2130
3306 5169
3307 150 1957 182
3308 1979
3312 4003 495 2320 1578 548
3314 868
3315 3092 3470 411 942 1598
3317 307 4056 1202 1979
3320 2270 3819
3321 2130 5784
3322 148 5169
3323 5309
3324 5169 3686
3327 5577 1181
3329 3611
3330 5051
3334 2610 3157 22 5828 1942
3335 3611 1424 3077 2783
3336 172
3338 148 548
3339 2610 1841 2795 5720 4864 5562
3341 1979 330
3344 4256 1841 1424 1578 4980 1911 495 5472 3176 5992 1500 2564 3838 5489 179 5599 889 1457 1850 5720 330 1555 5789
3345 3195 3066 495 2320 4864 4310
3346 2867 1841 4003 2270 1555 4761 1995 4724 2785 4061 3838 194 3474 3084
3347 936
3348 1841 3419 3066 3474 3054 3084 1850 5784
3349 1241 4858 4590 2985
3355 1929 5472 1559
3362 3011
3363 5472
3364 2917
3366 5720 868
3373 3546 3589 1732 4820 855 3209 1850
3374 3017 1841 2076 1823 2062 1578 677
3375 1841 1977 495 3066 5489 5384 1116
3376 1979 2062
3377 1716 194
3378 5169
3380 3832 3646
3381 530 5577 1610
3383 5992 2897 3084 1979 5720 5562 896 5789
3384 4505 3409 1979 5326 410 1953
3385 4275
3388 89 132 2062 5993 3054 2394
3391 1087
3397 5784
3399 150 1841 1202 5309 868
3401 754 5945
3402 839
3404 1942 2245
3405 194
3408 2802 1242 3176 332 1181 5068 4586
3410 2564
3411 4463 4858 3209
3412 3066 3209
3414 1578 342
3415 3157 1940
3416 3017 1164 1841 3832 2167 182 3284 4761 2564 1940 1644 4679 330 1953 1218
3419 1841 720 2076 3362 2564 3066 179 3209 1979 839 4310
3422 6013
3424 1242 5472 2121 1911 5633
3425 2130
3427 2130
3428 2130
3429 889
3431 942
3436 1747
3439 4275 1836 1414 1751 5097 623 1732
3442 5945 3228
3444 1732
3445 1028 1316 3830 3766
3447 1578 4256 150 4040 3195 2062 5993 1940
3449 3157 1841 3332 89 2088 5309 5992 3054 2281 3084 2840 5789
3450 495
3451 1646 4679
3454 3157 1414 5472 4056 5309 5866 330
3455 89 1141 5309 5866 868
3456 332
3457 172 4799 1555
3459 332
3467 3176 3314 2105 1775
3471 2076 2840
3474 1559
3476 5490 1841 2040 4056 5651 910 3066 5391 3517 868 4114 2049 5562 4864 4310
3477 6013
3478 4167
3479 5554 89 5720 2022 4310
3480 3017 2414 1421 586 1028 910 391 1836 3546 1945 1251 1545 3938 5472 5169 3419 4056 2379 5445 332 5391 2022 3474 410 1823 2809 1716 5314 4826 1112 3559 5309 270 1979 4586 4040 1242 4864 5562 1264 4446 5421 995 3624 4310
3482 868
3483 2130 1414 2906 2379 3440 1823 1598
3485 1273 2105 4820
3490 2840 3157 1264 5953
3491 3938 3181 839 2808 1841 4540 411 5877 1354 238 821 182 3284 4677 2783 3914 5686 3482 3830 1646 5421 5169 3422 1642 4724 4948 2785 2379 5869 2022 2897 3470 3066 2752 2375 4828 2046 200 1929 3001 3124 1201 3969 1456 5314 1119 4056 5472 4864 330 3409 1116 4590
3493 1050 5391
3495 3517 3518 1087 3223 2096 5618 3209 1264
3496 3017 1841 5472 1747 1347 5169 1995 2979 1751 4061 748 3559 2069 1940 3591
3497 2130 5384
3498 115
3500 4604 5784
3506 4799
3509 3830
3510 172
3512 4799 4576 3766
3523 4505 3332 194 2167 3830 5562
3528 1968 495 89 2626 1979 3491 5577 2022 3066 5097 4679 3050 5421 4310
3529 3181 3157 4644 1957 4275 3332 2897 3832 666 2019 3969 1251 1420 3105 2985 3830 2968 149 1124 2894 3766 1583 2445 3470 1009 5391 1141 4087 2049 1929 1181 677 1172 1273 1457 1138 3390 5410 2022 5789 5314
3530 4446 622 1836 623 2445 2046
3531 1732 1945
3532 227 1841 1836 5402 2626 5472 2088 2450 3066 5097 2069 4679 2246 942 330 2379 1953 4310