0 2858 342 3124 1140 2823 3830 1911
1 5935 43 2925
4 342 2925
5 2839 2040 2167 4475
6 2925 4576
7 4831
9 3646 2022 354
10 1163 2925 2270 1462 1120 1700 342
13 5995 2925 1716
15 2858 3502 2167 1700
16 3124 1087 2925 726 1462 5060 3088
20 269 1700 410
22 3693
23 4369
24 5995 3502 2925 1462
25 1700
27 1896 1264 2105 410
28 172 5935 4576
31 2040 5720 1515 348 1911
33 5995 5093 2990 3830 1911 1120 3474 410
34 1163
35 5995 5084 194 1968 3088 1700
38 3276 3124 2925 2565 4576
39 2925 4576
40 2908 1716 1700
42 1716
44 4864 5995 1716
45 2925
46 736 1120 4576
47 1124
49 5935 1140 4040 348 2759 1896 2270 331 3440 623
50 2040 4576 1716
56 3162 4576 1716
58 1811
59 3066
60 1124 481 2649 726 1700 1586 410
68 1305
70 3066
71 925 1700 410
72 726
75 1578
80 1716
81 1700
83 194
87 2528
91 5391 1700
92 342
95 1716
96 2908
97 1709 1716 1265
99 2908
100 3124 2823 2270
101 1163
103 342 5889
105 5995 3470 4831 5060 2858 278 348 726 2859 4475 410
106 318 5490 826 2022 194 1201
107 5935 2823 2925
111 3162
116 3693
118 2361
131 2908
132 2925 2714 3157 410
133 2069
134 3646 3066
139 2040 1864 2858 1896 2925 2270 2565 5060 1398 423 1716 1700 410
140 43 1368 3124 1700
141 2859
142 236
143 1716 172
144 1716
150 3693 1368 2858 3691 5623 2022 3088
151 481 845 5490 2167 1596 1911 1716
152 2823
153 331 1942 1700
154 845 2925 2270 1120 1555
157 2925
159 3502
160 2859
161 1201
164 4310
165 4631
169 3502 2021 2925 2270
173 1732
174 3124 3118
176 5935 2925 2859
179 5326 1604
183 2858
184 1163
187 2925 1424 1398
188 5899 1716
192 2925
193 3646
195 1716
197 2925
202 1864 1896
203 3040
204 1732 2917
207 1316
210 1163
211 4369 4256 1305 2925 2270 3157 1716 3549
212 2823 1700
213 2925 726
216 1700
217 3124 2859 1700 410
218 3124 2823 1942
219 1278 2858 1716 1700
220 194
221 5618
222 3066 1716 1700
223 2925 1201
224 481 3124
226 2022
229 1716
231 1596 1896 726
232 5935 313
234 481 43 1163 2925
237 5391 3088
238 4576
241 2528
242 2908
245 5481 3276 4631 640 1140 4003 310 4820 348
246 3066 1140 2925 4576 1700
247 1864
250 5995 3276 5084 2925
251 2925 3158 2908
257 2167 1278 3088
258 5384
261 3124
264 3162 1700
265 3124 1700
267 2925 410
270 3693 2270 1087 1716
272 1896
274 936 3693 2925
275 5995 2839 3124 1515 2022 5330 5618 2908
278 5995 5093 4831 2858 2503 2270 1700 348 410
280 1700
281 1424
282 2167 726 1700 1201
284 1864
285 3549
287 1716
288 1700
289 3053 1896 1716 1700
290 1864 1716 1700
295 1140 423 4621
297 5391 43 3118 1462 4826 1398
298 2504
299 5995 1140 3502 348 1546 2270 1087 2565 1305 4597 1968 2687 3157 3549 1700 3040
300 5935 4310 2908
301 4820
302 1700
303 3066
306 4768
307 3693 1398
309 2839 3118 3124 2714
312 2908
313 3646
314 5093
317 1140 2925 1596 1305 172 4831 1700
319 3012 3124 1462 423
322 2925
324 3591 2823 2925 1775
325 5391 1700
328 1087
329 5935 4831 410
330 4576
331 5995 2925
336 936 845 3646 5720 4576 3124 1797 1368 3458 278 2823 348 3218 2925 2270
337 2759 2925 2270 1462 3470 5330
341 1163 4576
342 2908
344 1515 4292 2925 726 4576 5391
345 1716
347 2823 2925 2270
348 2823 2925 2270
349 3518
350 2823
351 3124 2908
352 1425
353 5935 3502 1120
357 4631 1163 2925 1120 1305 4292 4475 348
360 4831 1462 4576 4475
361 3040 2877
362 1018
364 2908
368 3066
369 1896
385 1716
387 2925 1265 3088 234 410
388 527
394 342
395 1316
396 4576
397 1120 1450
400 1700
403 348 1716 1700
406 4446
409 3124
415 2925 2270 1120
416 1515 2925 1911
417 1515
421 1700
423 5995 481 3124 1201
424 2925 1709
429 2925 2565
431 1896
432 5935 5455 4931 5998 2925 410
433 2908
436 1716
440 1124
443 2925 3088
446 2270
447 5889
449 4831 126 2859
450 4040 1087 410
452 1700
455 5481 3458 2925 4256 1968 2450 4475 5889
456 5998
457 5935
458 1201
461 1586
465 2908
466 5602
467 1163 3474 5889
468 2839
470 194
472 1163 2925 4576 2908
475 2925 2270
476 3053
481 1515 1716 410
482 481
483 3961 4576
484 5995 5633 1462 1700 410
490 5093 1911 3218 1546 1389 1305 1716 172 790
491 2528
495 2823 5391
497 3502
498 1864 1586
499 1515
502 4931 5995 2839 5536 3693 1368 1515 1305 2925 1747 1087 1546 4831 1700
503 1305
504 4040 1140 3961 2167 2759 623 1700 410
507 2925
509 5995 1163 1140
510 5391 5490 2859
513 4644 1424 3158 1716 5391
514 43 1163 2270 1546 1462 4576
516 5481 3276 1642 5485 4831 1700 2375
517 2925 5391
518 43 2823
525 3124 2022
526 43 2823
527 3502 2270
529 2839 3646 2022 4782 1716 191
530 726
536 5995 5935 1515
539 1716
543 2022
545 1864
552 4931 342 839
553 4540 5051
556 2859
557 2022 2925 2270 4576 790
558 1833 3124 2270 1462 1087
559 2823 2022 925 726 3157
560 5481 5455 2823 1462 5899 4475
561 5995 172 4831 1515 2270 410
562 3646 4826 2040 2022 2565 2175
563 5995 1797 3693 269 826 1140 495 2759 1305 191
564 2175 1797 1242 1610 2990 1896 4083 3650 2408 2968 1273 3377 1264 172 4831 1700 5889
565 4310 2021 1610 2925 2714 1700 410
566 1610 1555
567 2823 2925 1546 1462 4576
569 845 3470 1797 1425 826 2270 172 1747
575 5995 3993 5239 4831
577 5051
580 3066
583 4083
592 5995 3124 348
602 1273 1265
603 5995 4576 1259 2271 5623 1389 2968 1700 4292
604 348 2925
606 481 1242 1353
611 2022 925 2925 790
621 2040 2925 2167 5889
623 1716
624 1018 1716 2908
626 1412 172
627 2091
631 5623
632 342
635 4831
644 3124
645 2823 2270 5421
646 2022
650 2167
654 5889
656 1515 1896 3162
658 1124
661 5391
665 4831 43
670 3502 43
671 2908
673 3223 3650 1273
674 2908
678 3276 2990 5623 1305 1546 1911 5899
687 5623
688 495
690 1700
695 2908
699 5995 3693 1140 1911
701 3646 3118 4040 3390 348 2022 2925 4576 5889
704 1610 1700
705 5391
706 2503 3461 2823
707 3124 2270 2452
709 2823 4292
716 3502
717 5995 3162 2908 1700
720 4275
722 5995 1700
723 1018 1732
726 3646
739 3124 2565
741 3066
743 1957 2167 2908
744 5995 2925 4576 3088
751 1700
754 838
755 2270 1462
758 318 845 3276 1797 1242 3458 354 826 1850 2271 1596 2801 348 126 1896 1202 896 1424 1305 3202 1700 3440 873 3142 5410 2503
760 2823
764 5995 1087
774 5384
781 2908
785 5623
786 3066 1555 4820 726 5330 313
787 1140 2990 925 726 1450 5899 1305 2270 313
788 2091 1450 5899 5051
790 3066 1546 2908 172 1700
791 3502 5935 3276 1163 3961 4292 1398 5391 342 1305 2270 873 313
792 1555 3066 43 1163 2331 2990 5016 1305 1398 873 1201
794 3066
795 5899
796 5935 318 207 1140 1555 1201 1716 495 2270 623
797 5319 4576 3961 1555 1546 1087 5051 1700 1578
798 3276 1140 3961 2331 1305 4831 5391 313
799 1546
800 101 318 2331 5623 4820 2349 5899 3016 2452
801 2017 1642 1368 4369 751 2246 2105 2654
802 2908 5899 172
803 2091 3066 1087 1140
804 3066 2763 1398 5051 313
806 1140 5899
807 5455 2118 1305 2908 1700 3440 1201 1546
808 318 3276 5623 423 5899 1942
809 1896 1504
810 3066 1642 2331
811 5935 1100 318 2379 5490 1797 1353 2858 1860 3458 1555 148 269 826 2167 2801 1896 1202 1546 1305 2070 1087 3016 3202 2270 2503
812 5935 5490 3012 1305 1462 5899
814 3358 3066 2331 342 1911 1700 313
815 5051
816 3066 1140 1896 1202 5016 1087 4947 1398 5899 1273
817 1911
818 3066 5792 1163 4540 2877 1202 2049 871 2270 1273
819 5356
820 1163 5330 5051
821 5051
823 5051
824 1087
826 2714 5051
828 2908
830 3066 873
831 1833 2091 3066
832 1273
833 5051 3162 2908 5899
834 2840 821
836 3502 5051
838 3170 2270 873
839 313
840 5051
841 318 3053 2990 348 1305 1000 1201 5618 1700 313
842 1087 1546 2908 5051 1700
843 1583 342
852 2908
853 1368 5998 2859 5051 2270
856 1398 1305
857 172 3066 43 2763 1546 5899 5051 873
859 3502
861 3066
863 5623
867 1087 5051
870 2022
875 1700
878 5995 5093 2167 1700
890 2270 2908
891 5935
894 318 2022
895 5060
899 4256
902 2823
903 2528
904 5219 1700 1586
905 1610 4292
907 1610
909 4124
910 3066 2858 5485 1700
911 1896 1202 4083 3377 1264 172 1700
914 1610 191 1586
915 2022
916 3162
917 3066 925 5485
918 3993 3646 1140 1896 1546 348 1305 1201 4831 1942 4475
923 5995 1700
924 5330 1201
928 3693 4124 2823
929 1833
936 4576 1732
938 4310 1700
939 5093 3618
940 2925 3474 1700
943 1087
945 1911
946 2270
948 936 5935 168 640 5084 43 4083 826 1140 4582 2167
950 3118 1305 5051
951 1368 1546 3549
952 3993 3470 1087 1424 3377 172 1273
953 2783 1583 3390 1504
954 5051 1700
955 318 1259 1201
957 318 3066 172
958 1700
959 1163 1087 751 3474 1398 5899 5051 1942 313
961 1163 1957 2908
962 4831 3276 1864 2858 2503 2022 2270 1716
963 318 5490 1368 1700
964 3549
965 896 3646 1242 3502 2925 1389 2565 2968
966 2908 2654
967 5995 1368 1087 2908
968 2759 2270 5051
969 318 1896 172 4831
970 5481 318 845 2022 1546 1462 1201 1700
971 1555 5618
972 1462
973 3646 2452
975 2040 318 1087 4576 5394
976 318 3066 1305
978 1716
979 1732
985 2925 1420 1716 1700
987 1596
988 4540 1546 1700
989 4782 1389
991 101 1279 925 2246 1398 2654
993 172 1305
995 1896 172 4831
996 1546 1896 172 4831 1700
997 1259 2714
998 845 4576 2763 5720 2271 1596 2823 5744 1305 1896 925 5050 1202 1389 2049 1353 2968 3202 4831 936 2379 1504
1002 4631
1003 2858 1140 2528 2925 3223 1273
1005 1896
1011 2091 1368
1012 3012
1017 1578 1747
1018 5490 1700
1019 3053 1305 1896 172
1020 1273
1022 3830
1023 1716 873
1024 5995 2925
1025 5394 2908
1026 5995 2040 4831 1642 1412 2908
1029 1864 1087 5623 1546 1462
1031 1087 1896 172
1032 838 3053 5889
1034 1140 1546
1035 2175 726
1036 1700
1038 2859
1039 4597 5490 2858 5623 1181 2022 1389 1462 348 1700
1040 4310
1041 4931 5481 3646 3276 2840 5455 3961 1305 1462 4115 310 1911 4820 4475 348
1042 4750 1264 871 1797 1140 2763 2167 126 342 1896 925 608 2867 1398 1164 2175
1043 172 3124 3276 2503 2990 126 1305 1546 1896 310 4782 3440 4475 313 348
1044 3118 1305 3162 1398
1045 5481 5935 3646 3053 5623 1305 1425
1046 1727 3276 1555 4003 348 4475
1047 1273
1048 194 2565 1398 2908 2270
1049 3470 1412 3961 5623 1546 1305 1087
1050 3646 1398
1051 1351 3276 2069 1797 3458 826 2271 1087 2823 1305 1896
1052 845 318 3066 2331 194 1700
1053 318 5356 5490 2985 3650 348 2565 3549
1055 172 3646 2040 1140 2022 1462 2714 3650 5618 4820 4475 348
1056 2840 1412 1424 1273
1057 1450 2908 5899 873
1058 5995 2839 5093 2022 2759 1305 2270 348 1700
1059 2783 5455 3461 348 1305 1462 3755 2452
1060 172 2022
1061 1163
1062 4040 2040 130 4831
1064 3300 3993 1140 2331 126 4292 1305 1546 4003 5899 3377 2270 873
1065 4114 1425 4826 1394 5490 5319 5455 1140 348 5899 1305
1066 318 3276 3458 826 1140 1850 2271 1596 126 1202 896 871 1911 666 5554 1700 3440 5410 2503 1242
1067 5720 1797 1353 3458 5623 1414 666 1305 172
1068 1050 1273 1700
1069 4040 3162 172 1700
1070 318 845 1896 2714 5051 172 4831 3440 1700
1071 2270 2452
1073 318 5490 1412 1896 1305 1555 172 5618 194
1074 623 1163 1546 331 1316
1075 318 5490 3693 1087 1546 1896 1389 4831 1700 1305
1077 5720 4631 278 2331 2759 1305 3088 1700
1078 3831 318 3470 2783 3170 1389 2565 3162 5051 1057 5356
1079 1546 1389 3502 1305
1081 3961
1082 1546 1896 1273
1083 5481 936 896 1499 101 1596 4631 5455 1140 1546 1462 666 1911 2121 2968 5899 1305 5618 3202 19 1700 4475 1290
1085 5391 266 2990 4292 1896 1911 172 1700 5084
1086 2270 4576
1087 1273 2783 2990 1389 2167
1088 481 5093 2167 1700
1089 1546 1911 1700
1090 318 3056 3276 2858 1412 2763 2331 2990 2565 1546 4256 726 2714 5899
1091 5935 3390 1555
1092 1864 1140 3502 2270
1093 318 2858 5623 1546 1305 1578
1094 1265 936 1242
1095 1642 5899
1096 5481 194 845 3118 1305 1546
1097 172 1087 2331 1412 1305 1546 2908 1201
1099 1368 1546 2270 5455
1100 3470
1101 3056 1546 4831 873
1102 5935 1610 5455 2022 608 4831 1700
1103 2175 4864 4576 1911 2908
1104 172 5935 3618
1105 2990 5623 348 1264
1106 318 5623 5618 3549 5051 1700 1057
1108 3502 2759 1546 2565 1462 1120 2021 5899 1305 313
1109 936 2091 1351 3456 1596 1797 1242 2167 2271 2049 2270 3223 666 2968 1305 172 410
1110 1942 3276 3066 1642 3961 2331 3549 5899
1111 1515
1112 3502 3961 2908 2859 873 1273
1113 5481 3470 1727 1305 1389 5485 1424
1114 5995 2925 3162 1700
1115 318 5490 5623 1202 4947 2121 1305 172 1700 1057
1117 622 194 3377 4597 1586 1578
1119 1546 172 313
1120 1864 2528 1546 4576
1121 1140 1305 5051 234
1123 1864 3142
1124 1087
1125 3276 925 2908 2450
1126 1555 2565 1546 1305 2270 5899
1127 1273 1546
1128 936 896 1273 3066 5720 1797 1353 1987 5744 1896 1202 726 5485 666 1424 1305 3202 1264 172 2021
1130 126 1700
1131 1140 486 1305 172 1273 1504
1132 1201
1134 5490 43 2503 5623 126 2714 1305 3440 4475 348
1135 4040 5330 1583 2990 1546
1136 4750 896 318 5490 5326 1797 1242 4947 826 5744 2022 1896 1389 172 1700
1137 2783 3276 1368 5623 2714
1138 5391
1139 2091 2040 2763 5899
1140 1504
1141 1368
1142 845 1368 2331 5623 1896
1143 1896 1201
1144 1305 1546 3650
1145 318 1389 2565 1700 3618
1146 172
1147 3066 126 4003 2167 5899 3016 1578
1148 5889
1150 1523 3276 2877 2763 2823 1546 1896 1389 4003 1462 1273 191
1152 4003
1156 4124
1157 4275 1259 5490 148 1353 4947 4576 2271 1896 1389 2968
1161 5618
1167 1555 3502 4292 172 873 2175
1172 43 5391 666 4576 936 3040 342
1173 4576 4003 1716
1176 936 1273 845 2271 1957 1120 666 1316 790
1177 2040 148 1353 1642 4947 4083 826 2271 1202
1178 2113 5051
1181 2528 873
1183 1119 5051
1184 1018
1186 1163
1187 5995 1864 1896
1189 3118
1190 1087 1700
1191 1018 2040 1957 4831 1864 5998 1140 2759 2270 1546 305 1120 1305
1194 1864 5490 1596 1424
1200 3124 4292
1202 845 4826 1120 790
1203 1339 1896 1202 3202 19
1204 172
1206 5481 172 2040 3118
1207 3118 2714
1208 172 4826 2649 5485 2714
1209 3054
1210 3646 2270
1211 2925
1212 3646 1163 1389 5899 5051
1217 4114 318 2113 126 4003 1305 873 313 5455
1221 5935 5720 3693 1368 2925 5391
1223 5995 4864 1462 1523
1224 1412 3053 342 2908 1305 1504
1225 1394 1504
1226 2022 2925 5889
1229 5995 1700
1230 2450
1232 2823 2925 2167 5618
1234 5935 2040 3502 2925
1235 1087 3646 1462 4576
1238 3456 1896 1700
1240 2040
1241 1583
1242 1163
1243 4576
1245 2714
1250 2270
1254 342
1267 5623
1270 3502 936 5326 871 1797 4931 3458 486 3830 1424 4799
1278 2565 2908
1280 4292
1282 3502 1716
1283 1700
1284 5995 3170 2022 2759 1716
1291 5391
1292 3124
1295 1305
1296 1305
1297 3693 1716
1298 3276 1163
1299 5391 2823 4292 2925 2270 3474 2859 1201
1301 4292 1700
1312 2858 3830
1320 3073
1321 4369 925 1716
1325 3502 1515 2925 1911 1398 3549
1330 2908
1333 5481 3646 3502 2271 5391 3218 1202 1414 4256 666 1398 495 1201 19 1700
1339 2990 1546
1341 3124
1342 2925 2270
1344 3118
1346 1732
1351 43 2270 1120 1942
1363 936 2021 1140 2823 3218 1896 2925 1462
1365 1716
1366 172
1367 43 2823 2925 1120 4576 1578
1370 3646 3118 348 2925 1546 1462 5889
1374 5995 5481 481 1462 3650 1700 5618 5889 410 2450
1376 1515
1377 3646
1378 2925 790
1386 5889
1387 2528 2565 1120 2452
1393 1398
1397 2839 3218 2194 3050 2925 2270 3223 1305 4831 1700
1399 1896 4256 1305 3088 4475 1201
1400 3157
1403 2823
1405 3054
1406 3056 4831 1642 2167 348 2925 5899 5330 1716 3440 1911
1407 1700
1412 4514 4831 1864 3124 1716 1316
1416 2908
1418 1546 726 1716 1700
1419 5995 2925 194 1398
1421 5995 2014 1777 5093 1864 3511 2167 1305 2925 1462 3474 1700
1423 1140 2925 2270 1911 1120
1425 2859 1700
1427 342 3618
1430 3066 2925
1431 2167
1435 5481 5391 3124 3693 5998 2823 4826 3650 3202 1264 936 5889 313 3040
1436 423
1442 1259 1546
1445 1389 1424
1447 2823 4292
1452 3502
1454 2925 1700 410
1455 5995 5093 2925 3470 2859 3157
1456 5935 5490 1140 1896 4831 1273
1458 2565
1460 5995 4576 3162 623 1716 5051 1700
1462 5602 1716 3012 5094
1464 5995 4124 1259 4931 2858 1515 2925 2565 1716 410
1465 5998 1424
1469 3124
1470 4576
1471 3502
1472 3693
1474 1700
1475 5093 2167 2759 2908
1482 5995 4040 5093 5060 1864 1515 1140 2270 1546 1716 1700 348
1484 2823
1489 5995 3822 1264 1896 2105 1700
1490 5995 2021 3390 4576 1716 3549 1700
1491 3646 1163 5391
1494 4782 410
1496 1050 2858 194 1398 3157
1497 1700
1499 5720 2823 194 1265
1501 3158
1502 4310
1508 3124 2823 2877 2270 1716
1509 5481 5792 1642 2022 4826 3079
1513 2823
1514 1727
1517 4275
1520 1305
1524 2908
1527 4864 5889
1531 3502
1532 2858 2823 2022 2925 1546 2270 423 5330 3157 1700 342
1533 1732
1535 3693
1542 845 3961 2167 1305 64
1545 1462 4576
1551 2925 1700
1557 2925
1562 5720 4275
1568 2040 3549
1569 1462 4576
1571 2908
1577 3502 5050 1201
1585 342
1588 3549
1595 2017 2167
1602 1896 2565 3157 1700
1604 1583 1586
1612 2270 2908
1613 5391 2823 3549
1614 5935 3276 4631 1120 1716
1617 1462
1621 2908
1624 3054 3124
1625 1120
1635 2714 3650 313 1586
1636 5455
1637 1201
1638 4292 925
1639 2167 1896
1640 1140
1641 1700 5094
1643 1732
1644 3118 2823
1647 342
1648 2167 2823 1398 5391 3549 5889
1649 4768
1650 481 5935 4292
1651 2175
1652 1368
1654 5720 2528 5623 1087 623
1656 1087 1700
1658 410
1662 1700
1663 5623 1700
1665 1087 313
1666 1732 1700
1667 726 1700
1668 4576
1669 5051 1700
1670 5051
1671 4826 3502 5623 1896 1546 1265 1273
1672 2331 1896 1202 1747 936 1700 2270 1578
1674 1140 2649 2763 2022 925 726 342 172
1675 1546
1676 318 2859 172 1700
1677 1087 2990
1678 3066 2565
1679 2091 3470 318 3276 3066 2331 1942 194 3016 1087 5455
1680 1646 4114 1100 5239 2783 2840 1797 3170 826 2167 2271 126 2022 1202 1389 4256 2714 4831
1681 5490 126 4256 2859 5051 4475
1682 896 1100 318 5490 148 1797 3546 2271 5536 2554 1896 1389 1424 1700
1683 936 751 1273 1100 318 5490 3053 2271 1896 1389 1087
1684 318 423 1896 726 3474
1685 3311 1389 1700 1504
1686 2246 1087
1687 1124 3276 5490 1368 3502 5623 1087 172 1700
1688 3311 318 5490 1087 1546 1389 2565 1700 2654 194
1689 2040 5490 1087 1896 1700 313
1690 1583 1546 172
1691 318
1692 2167 1504
1694 43 2022
1695 1201 172 1942 1700 5094
1696 2908
1697 2908
1702 2908
1709 936 2113
1720 1259 5490 3502 2714
1723 318 3502 2503 2528 3549 5051
1726 3646 4576 1700
1729 3646 1424 5051
1731 936 5935 3646 640 5744
1732 1087 4831 4631 43 3218 1462 2968 1700
1735 1462 1305 5051
1736 1555 1264 5485 2105 1201
1737 5391 3646 43 1389 1462 236
1738 2823 1462
1739 4826
1744 845 3066 2022 726
1745 5720 845 3502 4040 1398 623 1305 2175
1746 2040 318 4040 1896 4831 1273
1747 1716 2908 5391
1748 1700 2175
1749 3458 5618 1700 348
1750 1716
1751 5602 1163
1754 5995 4631 2246 348 194 1159 1305 3088 1700 133 4475
1755 5391
1758 4931 2908
1759 4310
1769 4831
1770 172
1783 5060 1700
1784 481
1786 3066
1788 1398 1504
1789 1163 5094 1504
1790 1747
1791 1273 3066 5623 1896 1202 1546 2908 2408 172 4831 1087
1792 5536 1273
1794 318 2246 1087 1896 1273
1795 726 1700
1800 5490 2175
1802 845 1450
1804 925 4256
1805 2040 2022 925 5485 5219 4576
1806 2823 2022 2925
1807 925 2925 342 4576
1809 4292
1811 1610
1814 2022
1820 1610
1823 1610
1824 1259 640 5051 1504
1829 2714
1830 3124
1832 1201
1833 4864 3646 1389 2167 3549
1834 2167 2859
1835 2167 5889 194
1838 4310 5602
1839 2503 5623 348 1305 5051
1840 4256 2194
1841 3502
1849 194 4576 1700
1850 790
1852 1864
1854 5490 1896
1856 318 2331 172
1857 5935 1424 342
1859 4782 43
1860 3012 2167
1861 2022
1863 3650
1864 3650
1865 2022 1450
1868 3646 5889
1869 1700
1870 1389 1201 4308
1874 1732 1942 1389
1877 342
1879 1242 1050
1884 3300 2990 2714 1911
1885 936 2040 871 1140 3218 2022
1890 1050
1891 1124 43 2823 2270 666
1898 3646 4124 1316
1900 1398 5391
1902 2908
1903 3502
1906 1642 2908 313
1907 1555 5051
1908 5051 3819
1910 5935 1642 3053 2908
1911 5051
1917 43 2022 2040 5051 4831 1700
1918 4826 318 5490 1957 1896 1087 4831 348
1924 5623
1925 1273 3170 2908
1926 2908
1928 3053 2908
1930 873
1932 2908
1940 2503 331
1941 342 1264 5889
1942 1700
1946 1259
1949 5247 794 1087 1546 1896
1951 1700
1953 1259 5490
1954 845 3056 1412 1140 4576 2175 1896 172 1305
1955 5838
1959 43 3202 1141
1967 1450
1971 342
1973 4831 3124 1555 2022 2565 2167 1700
1975 2271
1976 5995
1977 1515 342 2925 4576
1982 3066
1986 4644
1987 2091 5889
1989 1305
1990 1259 2503 1450 1305 5889
1991 5093 1181 3830 2270 1424 1305 1700
1992 1504
1993 1515 2925 1462 354 5889
1996 4310 1515 2908 2175
1999 43 1515 1462
2001 1140 1546 423 1305 172
2002 5391 2503
2003 4864 348 2925 2270 1546
2004 2783 2990 1087 5051
2010 925
2011 2840
2012 1087
2013 318 5490 1140 1896 4947 2968
2015 342
2016 1462 5169
2018 1050
2019 838 2908
2020 2823 1546 3830 1120
2021 5623
2022 838
2023 5995 3830 1087 3377 1700
2024 4864 2823
2026 936
2028 1864 1259 1420 1398 623 1700 1141
2029 623
2030 1124
2032 5384 4369 2925 1716 2654
2034 4124 2823
2035 5995 4369 5536 2925 4820 3158 623 1716 2654 1586
2036 452
2039 936 1462 3040
2043 1273
2044 5998
2045 5490
2047 1273
2050 1546 4831
2051 2925 1120
2053 3012 4369 709 2246 3830 2270 2714 1159 3157 2654
2054 5391
2055 1864 3053 3517 4768 1700
2057 2270 1120 2908 5889
2058 3053
2059 845 4446
2060 2859
2063 1716
2064 172
2069 2022 726
2074 5391
2082 4931 3549
2085 5889
2088 838 2246
2089 1896 2167 1120 1009 1201 2175
2092 925 3549
2093 2246 1264 1120 1159
2094 3646 2858 4369 2331 1546 3830 1305 1462 313
2096 1087 2565 2908 1700
2100 5623
2102 5623
2103 3311
2104 43 1578 342 1305 5618 5051 4475 1504
2105 5481 5490 5051
2111 3646 1424 1942
2112 4256
2114 101
2118 1259 2040 5838
2119 3646
2121 1424
2122 2823 2877 2270 1546 1462 4576
2126 1398
2128 1700
2130 2925
2131 1050 2246
2132 1159
2133 238
2135 5602
2137 318 838 1700
2138 5071
2140 1864 1124 2859 4782 5889
2141 5533 4369
2152 2908 5051
2153 5602 826 1450 2452
2155 5744
2161 1259 5169
2165 5618 5051
2167 1424
2168 936 1100 3218
2170 2908
2172 1259 1389 1700
2174 3646 5623
2176 342
2179 794
2181 194
2182 4369
2184 3300
2185 4369 2022
2187 4864 726
2188 1546
2189 5935
2190 1305
2191 461 2925
2196 2091 1140 2270 1398 348 1305 1700 410
2197 2858 3646 5455 5602 342 2021 925 2925 1159 2908 1141 2859 2452
2199 1716
2200 2908
2207 1124
2212 1389 726
2213 2908
2214 5051
2218 5051
2219 5094
2221 4826 5051
2223 623 1218 4028 126 1305 4256 172 5391
2226 2503
2227 1368
2232 2528 2823 2270 410
2234 2069 2925 4576 2654
2235 3105 838 2022 348 3830 331 1201
2242 5602
2245 2908
2249 2823
2252 1957
2254 342 925 1546 5485 3162 5051
2256 2925
2259 3561
2260 5481 1864 2167 3218 348 1596 495 2049 1546 666 5899 3202 5889 1586 410
2261 5993 2823 925 3158 4576 5247 2654
2267 1700
2268 1957
2272 4768
2275 1732
2278 1412 4820 3691
2282 3124 2801 1957 342 4292 3830 1120 313
2283 5998 1398
2285 925
2287 2985 1424
2289 1864
2290 1140 726
2291 342 2859 5051
2292 1305
2296 2021 666 4576
2297 3162 1201
2298 1201
2304 5051
2306 495 1140 2503 2823 2554 3218 1896 2925 2858 871 1398 5618 5051
2310 2908
2311 2908
2316 4275 5051
2317 172 845 4826 1394 1462
2318 172 1394 342 19
2319 1394 1462
2325 2528
2326 4275
2331 5384 1273
2334 2714
2337 5481
2339 4826 1305 194
2341 5051 873
2347 2908
2348 5093 3124 1050 2823 2270 1546 1462
2349 1546 4799 1398
2353 1120
2354 2167
2358 1700
2359 5935 2848 3646 2503 2823 925 1716 4292 2654
2361 3502 3749 2925 5391 4782 410
2362 207 4576
2363 4369
2364 2543
2365 3749 4040 2246
2367 5239 3693 1264 2763 2167 126 2908 1018
2368 3390 2819 1450 1716
2369 3056 925 2925 1159 1450
2371 148
2373 5935 2848 43 2910
2374 3276 2503 2925 1264 2105 1159 1716
2375 925
2377 1163 1412
2379 1646 845 1100 2848 1425 4576 1242 4369 632 2823 2270 1462 2654
2380 2848 1957 5330 1120 1716 2908 2654
2381 1896
2383 2654
2385 1159 1716 2175 1578
2387 1159
2389 1833 3646 1087 2503 925 2246 4003 1159 1398 2654
2390 3502 1424 1504
2392 4369
2393 925
2394 1100 5330
2396 2528 925
2397 4369 925
2399 5394
2400 5394
2401 1273 1546 2859 172
2402 1398 172
2403 1087
2404 2175 1578
2405 172
2408 3646
2412 318 3053 1389 1700
2416 1273
2417 1259 3961
2418 5051
2422 1546 5051 1504
2423 3223
2431 4292 925 2167 4576
2433 3284 1119 486 4369 1305 2246 1546 495 2654
2434 3993 486 3502 348 1305 1896 2246 925 2925 1546 2270 2565 1120 1159 191
2435 4369 348 4576
2438 838 1424
2442 4864 2823
2443 1424
2451 1259 1546 5051
2454 2908
2460 1583
2463 3276 5490 2022 1896 1424 2859 5094 1305
2466 1424
2469 640 3961 2022 2565 5060
2473 1604
2475 3124 1957
2476 4864 194 1389 1305 348 1700 313
2477 2823 2925
2478 925
2484 2839 4167
2486 5623
2490 3162 5051
2493 3066 1462
2497 1546 2270 194 3822 748 4576
2500 5094
2504 5330
2509 1124 3066 3502 1159
2510 5490 4369 348
2513 194
2516 1018
2520 1273
2525 3066 4576 172
2526 5995 2839 423 4446 1546 331 1159 19 2654
2527 4831 2175
2529 2908
2530 4310
2531 5899 172
2534 318 1259
2538 3362 4782
2539 4820 5051
2540 4839
2543 3012 3088 2452
2547 172 2823
2548 172 2823
2550 2877
2551 3016
2553 4167
2556 4369
2558 5720 3511 2858 4540 3502 2167 2925 1398 623 1700 1201
2559 3502
2563 2091 2908
2564 1273 234
2574 925
2575 3749 2840 3016 2654
2578 2167
2582 3646 5326 1242 3458 3546 2271 348 1389 666 5889
2583 5490 1896 5051 5391 2452
2584 2840 1140 1546 726 1398
2585 5490 172
2586 1273 2543
2587 2565 2270
2588 2270
2590 2528
2593 4576 1273
2595 1087
2598 2783
2602 826 2763 2167
2603 1412
2605 2908
2607 5623 5051
2608 1389
2609 3429 1163
2610 4114 4826 278 5623 1546 348 172
2612 5899
2613 4114 4256 2714 5391 354 172 4475
2614 4114 4256 1732 172
2615 4114 4256 1732
2617 2565 4475
2618 2017 2040
2622 5995 2839 3124 1515 3040 3502 1305 1159 348 1398 4828
2624 4576
2629 2840 5330 2167 1201 410
2630 5602 5889
2631 172 5490 194 5889
2632 2331
2633 172
2634 2091 5899 1716
2636 4799 2167
2638 4597
2645 2091
2647 896 1273 871 1596 3650 1140
2649 172 2040 5455 1642 4369 2022 925 1159 342
2653 4256 4475
2655 4256 1732 172 4475
2658 1050
2659 2759 3830 1716 1942 5485
2662 172 3470 2040 1264 4826 2167 1305 3162 1164
2666 1957
2667 318 3961 2022 4292 4540 3162 3409 3079 1700
2668 4540 2167 1596 3079
2671 318
2676 3549
2679 5239 5455 3053 1896
2680 726
2682 1112
2686 910 4931
2688 1398
2690 1305 1716
2691 3646 2167 1424 1305
2692 2714
2693 5623 5051
2695 3088
2696 2091
2697 3646 2565 5618 1504
2702 1864 2908 410
2703 1700
2710 5720 1305 2925 2040 1700
2711 3331 1716
2717 1732 3470
2718 5330
2719 4826 318 278 5623
2723 4826 5623 337 5391
2724 1316 5447 4831 1700
2725 318 1087 2908 1700
2726 318
2728 2091 1700 1273
2729 1259 1896 1546 1273 1504
2731 1316 2270 5094 3461
2733 1273 1896 1201
2734 1273 148 5536 1896 2819 2859 3517 5051
2736 4576 410
2737 1279 925 1159 1716
2738 3693
2739 5995 3040 742 1424
2743 3646 1389 1424 1555
2744 1987 1546 2270 2714
2745 3358
2746 5455 5633 1896 3162 172
2749 1546
2750 5889
2751 845 1087 2331 2270
2754 5490 4782 2565
2756 481 623 5169 410
2757 1610 2040 5051 2452
2761 5995 2990 4799 1700 313 410 3012
2763 3124 1700
2764 2925 1120 1700
2767 318 423 1896 1273 4831 936 1700
2769 2503 2528
2770 2040 342 4831 1140 2990 2801 2823 1305 1911 1159 423 2908
2771 1424
2774 1700
2777 2908
2779 2877
2784 1353
2788 3053
2789 318
2791 5623
2796 1389
2797 5623 2908
2799 4576
2800 2823
2801 5995 3993 236 318 4831 1864 5720 5998 2167 2990 348 2270 2565 5391 1316 2908 3088 4303
2802 3561 5391 1864 4782 1278 2925 1546 348
2805 2040 318 2783 5051
2806 1450
2808 2925 3517 4621
2809 3118 1462
2810 925 1159 1450
2811 194
2812 2801 1911 2910 313
2813 1124 1159
2816 2167 331 1716
2819 5051
2820 172 4256 1201
2821 1389
2824 3458 936
2825 4864 3646 2823 2270 2654
2826 1124 3470 4040 2823 2246 1546 2270 3016 5219 4576 1398 5889 410
2827 5995 736 3040 2925 1546 1316 4576 2908 313
2829 5239 3124 2823 1700
2830 3158 4820
2832 1700
2833 1596
2836 5455 2503 2167 1462
2837 845 4576 3470
2839 726 3938 1504 1598
2840 2528 4292 1700
2841 3435
2842 4275
2844 5623 1578
2848 2908
2849 318 2783 3053 2990 1201
2850 5051 2654
2851 2859 1057
2853 1163 1389 1450 2908
2856 2565 726 5391 1942
2858 736 2022 3650
2866 1896
2867 1273
2871 2091
2879 2823
2881 2823
2882 1163 1546 1087
2884 5093 1864 2167 3549 1700
2885 2823 2925
2886 2823
2887 3124 1957
2888 1957 1700
2889 43 1424
2890 5995 1864 1087 1700
2891 936 5935 845 1515 2503 1420 1716 3549 342
2892 2503 2823
2893 3458 2823 2270 1120 1700
2894 2925 1120
2895 1462
2897 942 1462
2901 2925 2270
2902 43 2925
2904 3157
2905 2022
2907 354
2909 2167 3157 2908 1700
2910 318
2921 4308
2925 318
2930 3549 1700
2931 481 1159 3470
2933 3993 3435 133 4308 1159 2859 2908
2934 3646 2908
2935 5490 1700
2937 1394
2944 2908
2948 5935 3409 3028 5455 3691 4576 3518 2167 632 1896 5394 4540 3331 3016 3474 3158 1251 4768 4826 2908 1700 5094 5485 622
2949 2840 2167 4446
2955 101
2956 5935
2957 952 3470 1014 5455 2985 5744 4308 2840 1018
2965 3223
2968 3170
2969 1896 4831
2974 318 4813 1700
2975 3012
2976 2331 342
2979 3435 4275
2980 608
2981 1226
2982 5391
2983 318 2990 1546
2984 318 3961 1273
2985 1546 1896 3474
2986 5481 3162 2908 1057 1305
2987 2783 1259 1583 1389 2270 3474
2988 3502
2989 1732 845 4947 3232 2270
2990 5623 172
2991 5623
2992 2908
3000 318 1546 2908
3006 3502 5995 1864 1163 1087 2167 1700
3012 3066
3016 3311 1259 1140 3162 342 5051
3017 936 1424
3018 4310 1424
3019 2022
3025 5051
3026 5623
3027 5995 101 592 4256 486 2167 3419 3390 1546 2565 1159 5391 3079 1251 2654
3030 726
3032 1087 2452
3036 5995 4114 4826 4631 126 1546 1305 1716 1700 410
3039 2783 348 1911 2565 1398 2908 1057 1305 1586
3042 3053
3047 3162
3048 5481 2375
3053 3066 1642 1412 1087 2270 3142
3054 2452
3056 1050 2022
3057 2022
3059 5623
3064 4540
3066 5720 1368 5623
3068 2925
3069 194 2908 1201 1700
3070 2565
3073 1911
3077 623
3081 2091 2270
3082 1546 1398 2270
3083 3502
3085 5481 318 2783 1305 5330 1389 1462 2859 1700
3089 3502 1957 1450 1716
3090 2809 1700
3092 640 1163 2649 1164
3093 2017 1259
3094 5602 3458 5998 4588 632 2245 1226 5094 1654
3096 4083
3097 2840 4292
3105 2270
3107 1273
3109 2091 318 4597 3502 3470 623 1087 1057
3110 481 2091 2040 3276 1515 2759 5051
3112 1259 1504
3115 1264 2990 1305 2105 2167 1201 1700 1057 1578
3116 5490 313
3118 1140 3012 726 2167
3119 1242 2270 751 172
3121 2040 3094 1279 2062 194 4292 348 2565 1201 2654 3040
3123 461 3938
3124 3088
3125 5490 1412
3126 1864 5050
3127 1546
3129 1716
3132 5239 1504
3135 5490
3137 3646 1700 1504
3138 4631 2271 1398 2968 19 2452 4308
3139 1265 1305 3202 1700
3145 101 133 1159 1598
3146 2839 3470 1339 632 1424 4308 1523 3158 172
3147 1163 3362 5490 3419 2908 527
3150 1732
3153 1896 172
3155 2990 1546 5485 1353 5899
3156 3066 3549
3157 5051
3158 3980 2859
3159 2040 2331
3161 2783 5490 5326 1797 1860 126 2554
3162 3012 2565
3164 101 1450 2062 726
3165 4831 3124 2528 4292
3166 1424 4576 1353 4275
3167 1120
3173 3502 4275 2040 1163
3175 3561
3178 3053
3183 4003
3184 3435 3458 348 2022 1305 2565 3474 3079 4864 2654 4303
3194 1389
3196 3435
3201 2908
3202 2908 1555
3209 1140
3211 1424
3215 43
3216 1259
3219 2925
3220 3646 2823 1159
3221 101 2017 150 1163 133 2823
3225 1833 896 2167 4292 2565
3226 1414 2528 4308
3227 5935 3276
3228 1424
3229 3300
3233 4256 172
3234 2990 1546
3235 4114 1389 4256
3238 4256
3239 4114 4256 4475
3252 4114 4631 2990 4003 1546 172
3253 318
3256 5602
3257 838
3264 172
3267 342 1610 2565 2270 2167 5051 1316
3268 2908
3272 2175
3273 5720 3223
3275 4310
3277 2270
3278 1100 2270 1747
3279 622 1273 172 5935 845 1100 318 1797 1642 2167 2801 5618 1164
3280 1700 1273
3281 1546 1896 2908 5051 1273
3282 1957 1450
3291 2908
3293 3646 2022 1462 1398
3294 5481 1305 1462
3297 3993 5051
3298 5481 4631 5490 1305 172
3299 3693
3301 172 5792 1163 1642
3303 1957 342
3306 1700
3307 2925 1116 790
3308 5995 2908 1700
3310 2908
3312 1279 4275 1515 2528
3313 5935 2167
3314 4576 133 2925 5384
3315 592 4275 2925
3317 3066 1957
3318 1087 5051
3324 318 1911
3327 2091 318 2783
3329 318
3331 5623 2908
3332 5792
3334 3470 3646
3335 318 2175 3016 3409
3338 5744 2270 4308
3339 3435 2528 5744
3340 1273 4799
3341 622 5490
3344 1389 3530 2040 2858 5998 5330 1305 2925 3331 2565 1159 5945 3079 4275 5490 4621
3345 2840 3390 1305
3346 1279 3435 3124 278 2528 348 4308 19
3347 4292
3349 1896 4003 1346
3353 3502 1583 2167 3549
3362 1462
3364 2925
3373 3311 411 3530 5391 4540 632 5686 2245 4799 3157 1226
3374 5988 3331
3375 3646 2503 4292 666 2452 1586 4308 4303
3376 5935 1305 4308 3079 936
3377 4799
3378 1716
3379 318 1546
3380 2823
3381 1389
3382 3066
3383 101 3435 4540 5744 348 2565 1159
3384 5384
3388 1279 269 3158
3399 5953 2925 342 2908
3400 1120
3401 2990 1546 1896 5051 172
3402 1389
3404 4826
3408 3276 2990 130
3411 5391 1163 1412 194 5330
3413 2910
3415 1578 925 2654
3416 3118 3124 1462 423 5309
3419 3502 3028 1106
3424 4826 1259
3429 2908
3431 3054 5953 5051 1700
3432 1305
3438 1896 5485 1346
3439 3311 5326 4540 3474 1050
3441 5391 1264 1226
3442 5330 4275 2840
3444 3502 3158 2062
3445 5935 3079 2840
3447 3124 2908
3448 623 1264 2105 5945
3449 4540 1462 1120 4694
3450 3435
3454 5602 2167 1424 1911
3455 2823
3456 3066
3457 1087
3458 5051
3459 3502 2270
3464 4308 2908 3088
3467 2858 1050 5889
3471 3502
3476 411 3028 269 1896 1305 2917 1251 1700 5094 1424
3478 2908
3479 3390 2908
3480 5995 3056 3530 5455 3276 402 269 3961 3518 2858 133 3517 4256 1546 871 726 5720 4947 3223 5219 1009 666 5554 3079 354 156 548 5097 5094 2175 5384
3482 1732
3483 2858 411 1700
3488 2908
3490 3502 5995 2823 5485
3491 5202 3530 592 2040 266 194 838 1140 3053 4576 2925 2859 354 4839 1654
3494 1979 5051
3495 5490 4083 1353 1305
3496 1957 1578 3456 337 4799 4275 1700 5410 1779 2224
3497 4310 3162
3498 4310
3505 172
3506 2714
3507 5051
3508 43
3509 2908
3516 5602
3523 1646 1264 1896 2105
3527 5998
3528 4864 5935 5202 1578 632 348 3079 2908 3679 1018
3529 5995 592 318 2819 5490 1264 4083 3546 3650 1424 2105 3689 3223 1398 3079 2452
3530 2840
3532 5995 3530 1578 925 2908 5084