0 690 1264 4637 1389 3968 640
2 3362
4 4300 1578
5 736 1389
6 1140 35 3453 1389
9 1316 423 3588
10 1305 1394 4326 3744 3980 423 1670 182
11 4303
13 1316 2171 1305
14 3693
15 2780 1642 1711 697 4475 4184 929
16 2943 3474 1747 4416 3259
18 3588
20 2943 1389 4416
23 2943 1711 752 697
24 1100 1550 3037 2858 234 3259
27 2943 4762
28 5239
31 421 4762 1711 5455 2187 2167 697
33 690 2943 3259
35 4303 3840 4416 3961
38 690 2943 1264 1550 2858 2909 423 4416
39 423
40 3691
44 1305 2040 4416
45 1264
46 1642 2394 5470 1550 1305 1163 270 348
47 1779 423
49 1550 2943 1642 4762 1709 880 1163 1596 3259
50 4326 1389
53 5536
56 1087
60 1316 1957 1389 423
61 2167
68 1550 2909
70 2943
71 4576
77 1642
83 1066 2543 4416
84 1711 1940
91 1163
94 1836
97 1305 2943 1529 2171 5999 1979
100 2187
103 2809 3961
105 2943 4762 3805 640 3259
106 3079 1642 1550 1351 697 623
107 5391 3453
111 2171 1420
124 423
126 3588
132 1264 2858 4326 4416 4184
134 2167 3453
136 2171 3474
139 2943 1711 1368 2245 2435 182
140 4762 3259
141 423
142 4553
143 3079 1265 2110 1896
144 3805 1697
147 752
149 5087
150 1642 1711 5352 5455 1087 3588 3259
151 1550 697 423
153 1368 2167 4416
154 1305 1642
157 1060
159 1642
164 318 2171 1732
174 1642 423
175 3013
176 4416
179 1642 1979 234 929
183 1100 1747 4416
185 5470
187 5391 35 1394
192 1087 4762
194 4416
196 3362
204 2022 3453
211 1911 2943 2831 880 2171 2187 1424 2909 1398 4416 3259
212 690
213 1642 1305 423 4184
214 3588
216 423
217 1642 3474 2877 423
218 2858 3079 5278 423
219 5087 4762 5536 3840 1066 4416
222 2943 1490 2171 1911 423 1420 4416
229 342
231 1100 2209
232 1550 5633 5455 3079
233 194
237 3453
238 1087 1642 3693 697 423
245 1911 4762 5352 3037 880 2167 2620 1523 4416 1670 1394
246 1316
247 4762 1264 4416
250 690 2963 640
251 1389
257 2543
258 1642
262 1940
266 4416
267 1389
270 5087 1642 2014
271 342
272 3079
274 1642
275 4303 270 4326 2245 697 3259
278 4303 2963 1550 1389 4354 4184
282 1305 2543 423 4416 234
285 3805
288 1836 3474 1732
290 3686 2171
293 5536
297 5470 4475 5455 640
298 3961 1389
299 2943 2435 4416 3259
300 5087 1550 4820 5455
303 1264 1711 1610 4416 4184
307 5087 1394
308 880 2909
309 3805
313 1578
314 4416
317 4799 5988 1019 4446 1850 2809 145 1316 238 697
319 3693 1389 3961
320 3259
322 2943 2209
324 3993 3588
326 4416
328 4326 4416
329 1642 1389
330 1642 1389
332 5326 3474
333 1529 1642 1368
334 697
336 1264 5618 3805 3961 3259
337 1911 690 2909 1389 423 4184 3259
341 1389
344 2943 4762 1389 2620 3961
346 2909
347 3961 1389
348 1389
350 2224 3588
351 4762 1163
353 1642 632 4416
356 1642 423
357 1642 5470 1550
360 2943 1305 3362 1264 3805 4184 3961 3588
361 1389
363 3588
380 1394
382 880 697
385 342 1305 3693
387 4762 182 1087 423 4416
392 690 2245 1732 2640
395 936
396 880
401 1642
403 1305
406 5455
409 423
410 697 5087
415 1316 3453 1087 423 1163 4416 3259
416 4087 423
417 1316 3805 3744 1394
421 1100 3453
429 1642 1389 423
431 1979
432 1911 3453 3259
443 423
444 1124
446 1264 697 423
449 1711 3259
450 4416 234 3259
452 1316
455 4553 421 3549 348 3805 2943 3961 3259
456 1642 3693
457 5391 4303
466 752
467 4416
468 5087 697
472 2943 4762 1711 441
473 3362
475 1316
476 1732
482 5326 423
483 1100 3013 2435 1578
484 690 1087 1550
487 1642
488 880
490 2801 5043 4762 4184 4416
495 1305 342
498 2840
499 2963 1529 3790 2435 5577 423 3259
502 2963 183 1550 3037 2209 1389
504 1711 697 2435
509 4644 1389
513 1550 2167 2435 530 4416
514 3037 3961 423 640
515 1424
516 4762 461 5470 4475 3037 301 880 4326 2620 3822
518 423
525 2943 5087 736 423
527 1019 1711 5097 2171 1087 35 2755 1398 530 5869 2091 3259
529 1711 1709 4184 348 929
530 35 234
532 4124
536 2943 1264 3961 2171 4184 234
543 1305
550 194
552 2943
553 1979 35
554 5455
556 1368
557 4326
558 3050 752 1389 1163
559 2943 1711 2858 3453 3961 182
560 2897 3079 697 348 3259
561 1087 348 3693 2171 1305 4184 3961 1747 3259
562 4553 2171 3961
563 1642 1490 1550 1977 2435 2909 1389 2620 4637 3259
564 2943 5394 1290 3037 3259
565 2943 5455 3961
566 1290
567 1264 1087
569 880 697 1087
571 1697
573 3362
575 2963 1642 1389 4354
577 1100 1592 3037 1394
578 2909
580 4416
592 1642 5470 3259
603 3502 4762
604 1305 1389
608 3961
610 1014
611 1316 5455
612 423
613 1305 697
618 1019 130 1550 194
619 1019 194
620 1019
621 3037 2909 423
623 697 1394
624 1642 5455 1066 423 4644
632 3124
638 2943
642 1670
644 4326
645 2909
650 2543
651 1087 623
654 5455
656 2897 2943 1273 194
658 4184
661 2943 4416 1670
665 1642 423 4184 342
668 2858 3961
670 5008 5239 838 1394
671 4184
673 3171 2943 1642 301 194
676 1642 2840
678 421 5871 1836 4762 1550 3037 301 880 2167 441 929
686 1550
687 2897
691 3218
692 2171
699 2858 1087 2105 1264 3259
701 1264 3805 5455 5730 2895 2640 3451 5087
705 2917 423
706 4303 690 1711
707 1642
716 2909
717 4762 4416
718 1264
719 1389
720 1732
721 2394
722 2435 1389 3588
731 2943
734 4167
739 3013 1389
744 1264
751 5330 3980 1979
752 5391
755 1087 1305 4416
758 145 3171 5618 1490 191 2171 4839 2593 2620 3259
764 4303 2394 1300
771 1968
773 1305
778 3218
786 2963
787 690 2963 4762 5391 163
788 4762 3037 1210
789 3037
790 4762 2379 1550 1896 4184
791 2963 736 1642 4762 1550
792 2963 1642 4762 1290 1550 3410 623 3968
794 4762
795 4762
796 2963 736 1642 4820 3624
797 1529 880 5999 1979 182 1446
798 5455 5633 880 1420 3691 1979 3259
799 1979 163
800 2963 1836 1550 3037 348 1896 2620 1811
801 1911 2963 187 4762 1550 4326 3980 3370
802 4762 2379 5447 3037 1896
803 4762 2379 3037
804 4762 2017 3016
806 1087
807 2963 1836 3037 2171 4839 5467 3980 1389 640 3259
808 1100 1305 2943 1316 4762 3830 3037 2110 5467 3259
809 3961
810 2963 1550 4576
811 2963 2943 2022 1316 2171 4354 1670 3624 4604
812 1836 4762 691 5239 3037 880 3961 4576 5467 182
814 2963 194 1119 1979 182
816 4762 2187
817 1087 1940
818 5043 4762 1550
820 2379 5447
824 3127 342
826 342
828 4762 5633
830 1087
831 3037 163 2543
832 1670
833 4762 5016 3961 423
834 4184
835 4947
836 423
838 4762
839 145 1711
840 3961 1979
841 5633 2167 5455 2245 3840 1670 640
842 1290 3840 4604 4820
843 4604
853 145 1642 3370
856 2780 1642 880 1911 2909 3037
857 4762 3037 4326 423
859 5087 3840 1670
872 1050 234
875 1697
878 690 5945
882 5391
887 1578
889 880
891 1316 4184
892 4124
893 3037
895 1316 1670
896 1316
899 623 3961
900 4167
901 4303 3037 880 3961
902 3453 2194 423 4184
903 752
904 691 3961
905 880 423 3961
906 2062 3961
907 1316 4275 3961
909 5470 423
910 2943 880 3037 3218
911 2943 4446 3961
913 697 3037 3961
914 3961
917 880 3037 2171 2187 3474
918 2897 342 1911 270 3961 3968
923 5087 3517 234 640
924 2902 423 1305
925 3362
927 752 2795 1940
928 1305
930 1316 1087
933 1305
936 1264 1305
938 690 1596
939 3013
942 342
945 1087
946 2543
948 752 3969 1550 880 3961
950 421 3686 301 1747 3961 697 4416
951 4762 2167 4416
952 690 1896 4326 3037 4604 3968
953 2897 690 1290 4604
954 1896 4184
956 423
957 2963 5999 5467 1896
958 4762
959 2963 1550 4303 1642 4762 234 1979
960 3037
962 1642 1550 4326 697 623 4354 4184
963 64 348 527 4604
965 1642 5470
966 2943
967 2943 4762 4947 1305 1697 234 3961 3259
968 5087 1711 1490 3693 2022 3370
969 2897
970 2897 1264 301 880 838 2245 3840 1550 1420 402 3149 3968 640
971 423
972 423
973 3362 423 4184
975 2963 4184
976 2224 2963 2780
979 4416
985 5087 2917 1316 3693 2435 423 234
987 2858
988 3805 3013 423 3961
989 4326 423 4416 3588
991 1019 3650 880 3453 1066 530 2640 3451 1202 3961
995 690 3370
996 2831 3961
998 4303 2897 2943 2809 187 736 880 2171 2187 4326 697 3744 2194 2620 4604 3259
1002 35
1003 301 1351 194 2620 4604
1007 2017
1012 1896 3961
1015 2194
1017 194
1018 5391 2858 1424 2014 4416
1019 1550 5467 1578 4604
1020 3693
1022 5455 3053 880
1024 4416
1025 4762 4540 5467 697 194
1026 1389
1027 1670
1029 690 1305 4762 1550 423
1032 145 1896 5455 4184 1732
1033 4184
1034 4930 1555 5720 4604
1035 1398
1036 1368
1037 35
1039 2963 2943 1290 1550 3037 1896 697 1450 1670 4604
1041 2897 2943 5352 3037 1896 880 2167 2620 1394 640
1042 2943 1060 3830 880 4604 3650 3588 640
1043 1911 2897 2963 3650 736 183 1550 2620 5953 3968 929
1044 880 2171 2167 2022 3037 1394
1045 1911 2897 690 421 2780 4303 4762 145 3805 301 880 2968 3744 2620 2909 348 1394
1046 3805 880 5999 697 35 2014 3259
1048 2379 880 1670
1049 3474 2963 4762 880 2375 3980 1896 623 3624 3511
1050 880 1394
1051 421 2963 4762 2022 1550 3037 4826 5455 880 5467 3744 3968
1052 736 1550 2167 4839 697 1896 4604 3259
1053 1087 4762 3410 1896 1305 4416 3961 3259
1054 2171
1055 4762 3805 3037 3968
1056 1896 4604
1057 145 1836 1642 4184
1058 1550 2040 697 1389 530 3259
1059 2897 4303 4762 5239 301 880 2968 1389 2909 3968 182 1394
1060 1264 5239 3037 2909
1062 623 423
1063 5720
1064 2963 148 1642 4762 1550 1316 5999 2909 4184 3968
1065 3037 2755 2620
1066 145 5352 1896 2593 1259 348 640 3259
1067 4762 1550 3805 194 2620 4184 3961 640
1068 2943 5455 194
1069 4762 5352 1896 4576
1070 2943 1368 2167 5467 3474 441 4604 3259
1071 3259
1072 1642
1073 2022 4604 4820
1074 2963 736 4762 1550 1732 1896 880 2846 1389 4604 182
1075 1550 4604
1076 1019
1077 5087 1290 4326 441 2543 1446
1078 1290 1545 1316 1896 1163 1979
1079 690 2059 1290 1550 2167 4604 640
1080 234
1081 5008 1019 5394 4576
1082 690
1083 2897 690 3079 4762 4826 301 880 2620 348 3588 3259
1084 2909
1085 4762 880 640
1086 4820 3474
1087 736 1896 2017 3474 5822 4604
1088 3502
1089 1264 1896 4576 5455 423
1090 4762 1550 3830 3037 5999 1398 1896 4604
1091 736 4820
1092 690 1642 4644 1163
1093 64 1100 4762 5309 1087 3474 3840 163 4604
1094 871 1019 187 1850 1623 2110 1550 1351 4604
1095 2963 4762 4820
1096 4826 1087 880 3037 1394
1097 880 163 423 1979
1099 5633 2171
1100 1264 3218 3453 423
1101 1911 3502 1711 301 697 3474 2620 1389
1102 2963 1290 880 3961
1103 2780 623 1273
1104 3037 2909 3968
1105 4762 194 1316 1896
1106 4303 736 4762 3474 1896 1670 4820 3259
1107 690 1642
1108 2943 5455 5633 4762 1747 5470 691 1623 936 697 3040 172 2909 1398 1066 2620 4416 234 640 3259
1109 4087 3037 880 2171 697 3624 3259
1110 2963 5470 1550 4326 1896 1979 3259
1111 2435
1112 4762 880
1113 4762 5470 691 4475 3037 880 3961 697 3744 2620 1394
1114 1100 3013 2435 1389
1115 4303 2801 4762 3961 3259
1116 5455
1117 2780 1316 880 2167 270 3650
1118 4820 5455 697 168 640
1119 4303 1836 1550 1316 880 3840 2620 4354 1896 4604
1120 4762
1121 2943 1642 880 1896 4416 1389
1122 4184 1732
1123 2543 2963 4762
1125 3037 3079 2171 1210 3840 3961
1126 1747 880 35
1127 4762 3358
1128 690 2943 1368 697 2017 2909 423
1130 1100 2450 2543 3961
1131 3686 1009 3037 880 2755 4820 2152 4604
1134 1711 3805 35 423 4184 3961 3968
1135 690 35 1290 1596 880 2450 1412 3961 1210 1305 2110 2017 149 1389 1066 4416 4604
1136 145 2245 1670 3259
1137 64 1896 880
1138 1896 423
1139 4762 1896 2171
1140 2943 301 1398
1141 3502 1100 64 3037
1142 4303 4762 1550 3037
1143 234 640
1144 5239 880 4826 3968
1145 1711 2167 1163 3961
1146 1896 5999
1147 690 2450 1545 880 423 1896 4604
1149 5239
1150 2897 1305 309 423 3980 640
1151 1836
1157 1642 1592 4517 1394 2909
1161 4303 1316
1163 4303 1642
1164 2909
1167 1642 2062 1896 1389 3968
1168 4517 423
1172 3502 4303 690 1019 4947 1711 5326 3744
1173 145 1273
1175 1450 423
1176 5087 1642 5352 4326 423
1177 342 1446 5999 1087
1178 1642 3052 4416 1389
1180 1446 2909
1181 2171 194
1183 2897 1642 423 1389
1187 1351 1087 234
1189 3805
1190 5087
1191 3259
1195 1896 5999 3370 4416
1198 234
1199 2040 423
1200 182
1202 1305
1203 1394 880 697
1204 5470 3805 910
1205 3805
1206 3805 880 4184 3961 1394
1207 3805 880 3961 1394
1208 3805 4475 880 5577 2909 1394
1209 2171 697 423
1210 423 3259
1212 3362 1896 3037
1217 2897 3079 736 3037 301 5999 697 35 4416 3968
1221 1450 2241 1394
1223 3040 1711 1550 1316 1981 423 4184 4416 3259
1224 880 2014 4604
1225 1896 4947
1226 421 697 1389 1087
1230 1316
1232 690 2171
1234 1316 1711 697 2909 4124
1235 4762 3744 5455 3259
1236 3362
1243 1264
1245 1896 5999 3370 194 1670
1248 5470
1254 1087
1263 3482
1264 1529
1270 1529 3715 4275
1278 1642 2503 182
1282 2909
1284 145 1394 194 423
1285 690
1292 3744 423
1295 1642
1296 5326
1298 2831 4416
1310 1389
1312 2943 5087 1264 1389 1550 4517 2171
1318 234
1320 1911 5618
1321 2943 1305
1325 2175 2858 3037 5455 697 3474 3453 1389
1326 1642 752 2488 1368
1333 690 3805 5239 1164 3650
1339 5087 1163
1341 1305
1342 1264 3037 1979
1344 1642
1351 1642 423
1353 1697 3053
1367 1642 1389
1370 690 421 1062 1264 3805 4475 3037 3744
1374 736 752 5470 5352 5239 3410 1389 4637
1377 5618
1380 697
1384 3370
1387 3362 1642 5470 3805 4576
1393 1642 1732
1397 3482 1642
1399 5087 5352 697 1555 3961 3259
1403 1264
1406 2963 5309 1550 5467 1389
1407 1100 4799 2809
1410 2909
1412 1642 1981 4326 1389
1414 5391
1415 342
1418 3013 234
1419 5087 1316 3370 4184 4416 423
1421 691 3105 5410 2909 2968 3422 3451 4416
1423 5087 1264 423 4184 4416
1425 1087
1426 752
1427 1642 5470
1430 1087 1264
1431 1316
1435 690 187 2022 5470 1394 5239 1596 5455
1437 2909
1440 1811
1445 423
1452 4762 2110 4644
1454 423
1455 5087 1087 1550 697 2435 3370 1112 234
1456 1642 4762 4326 1087 3474 423
1458 5391 690 5577
1460 2943 5087 1305 1529 880 3037
1462 4184 3202
1464 4553 5087 236 880 2171 1911 1389 423 4416
1465 1087 4416
1470 3453
1471 3453
1472 1394
1474 640
1475 3370 4604
1478 1290
1479 2171
1482 1100 2245 2435 4416 3259
1485 752
1487 1316 1305 2909 423 4124
1489 5087 2543 234
1490 4553 3037 1389 423
1491 1305 752 1389
1496 697
1499 1264 5536 2040 697 3588
1500 1811
1501 2943
1502 4416
1508 2897 1305 1264 3588
1509 1100 1264 5470 1981
1522 1305 1202
1527 1264 1550 1305 3693 2909
1532 690 2943 1264 1711 3805 1305 3474 1389
1539 1424 4416
1542 1550 4576 2245
1544 2909 1398
1545 3362
1547 1087
1550 1112
1551 2917 1316
1557 3362
1562 194 2022
1565 2909
1567 342
1568 1642 3370 234
1569 3362 1368
1573 3790
1577 929
1588 2543
1590 1351 4416
1603 2909
1604 2909 1811
1605 1264
1612 5455 1305
1613 1732
1614 1264 3805 2171 1305 4184 4416 1670
1617 3362
1618 5633 5455 1732
1621 5470
1622 3012
1623 3362
1629 1911
1631 2040
1633 5087 1732
1634 4184
1635 3790 3961
1636 4300 1711
1637 929
1638 4303 752
1639 4760 5309 5455 35 530
1640 5999 5577
1641 1732
1643 1305 697
1644 2943
1645 3588
1648 5239
1650 2943 1264 2858 697 2909 4416
1651 1394
1654 839 148 5999 1979 3259
1658 1979
1663 4762 640
1664 163
1665 2017 1979
1666 2963 4762
1667 3686
1671 187 4762 234
1672 2224 1019 187 4303 4184
1673 1290 1316 1979
1674 4762 1550 3037 423 1896
1675 3961 1896 234
1676 5633 5999 2245 1896 1670
1677 4762 1550 5999
1679 5087 2819 5633 5999 697 1896
1680 4820 1550 5536 4416
1681 1305 1896 4382 2543 348 4184 3961
1682 1124 5999 2017 4184 3961
1683 3805
1684 1550 1670
1685 3961 1087 423
1686 3362 1896 3980 423
1687 1896
1688 4762 309 5421 145 348 4184
1689 2943 2543 3968 640
1691 1836 4762 2110 1210 3840 4416 3358
1692 690 145 3037 880
1693 690 5455 2871 234 640
1694 880
1695 1100 2943 691 3037 301 1896 880 3961 3079 2909 3968
1697 4385 2909
1700 2909
1701 4517
1709 2897 5834
1712 1368 2909
1717 423
1720 4303 1642 1711 4184 1389
1723 1911 1019 1642 194 5999 1018 348
1725 423
1726 3805 3037 301 1896 3961 697 2620 3993 3588
1727 3805 3588
1728 3805 3588
1729 4517 640
1731 1264 697 2909
1732 690 1305 3805 4184
1735 1316 880
1736 697
1737 3050 4475 1732 301 1394
1738 4475 1732 1578 1389 3588
1739 1711 5999 3980
1740 3079
1741 4184 3961
1742 423
1744 2943 1414 3259
1745 2780 4762 5394 4820 1979
1746 2943 4762 3830 4604
1747 5239 880 4326 1450 423 3961
1748 1896
1749 1100
1754 4303 2943 4762 1550 3805 3157 2620 640 3259
1762 2943 5352 4184
1763 752
1764 1119 4184
1766 752 1578
1769 1119
1770 4475 3961
1772 3693 2171 423
1778 3961
1782 4416
1788 690 1550 1305 1896 4604 640
1789 1896 697 423
1790 1368
1791 5087 3079 2021 4762 1578 1550 163 2543
1792 1896 3370 423
1793 1896 1670
1795 880 1670
1796 1811
1797 5633 5455
1800 3502 1450
1801 5008 1670
1802 423 3961 3259
1804 423 3259
1805 2943 1264 4762 1896 5455 2171 3961
1806 1578
1807 4124
1809 1316 2167 3961 182
1810 3961
1811 1087 3037 3961 2626 423 4083 234 168 3259
1812 1140
1814 3961
1815 1316
1817 2943 1559
1818 3961
1820 2943 1316 2171 3259
1821 1316 1642
1822 5999
1823 3961
1824 1100 4300 163 4184
1826 3840
1829 1711 1140 1394 5239 1202 880
1831 423
1832 1550 4416
1833 2014
1834 4184 4604
1835 5834 3693 1942 423
1836 2435 423
1838 1264 423
1839 3805 697 35
1840 1202 880 270 3157
1841 880
1842 342 1642 5352 423 4184
1844 5618 1642 4184
1845 1450 423
1848 182 342 3693 4184
1849 1316 2795
1852 441
1854 4762
1855 4416
1856 5087 1550 1087 1896 1670 5447
1857 3693 423 3961 182
1858 1305 1368 3079 423
1859 3037
1860 3693 423
1861 2943 1732 1316
1862 1202
1863 880 4820 5720 3961
1864 5239 301 880 4820 1394
1865 1264 182 1398
1868 2943 3961 2171 2187 423
1869 2943 423
1870 3805 3744
1873 880
1874 145 1896 5455 2187 423 2543
1876 752
1879 1264 1087 1368 3079 423
1883 1446
1884 3502 1642 3052 1316 697 2909 1896
1885 2809 880 3961
1886 2809
1887 752
1891 1305 35 3432 3650 495
1895 1264 4416
1897 690 5352
1898 2943 2450 3961 697
1899 1163
1900 1642 1550
1901 4416
1902 1642
1905 423
1907 1550 423
1908 1642 423
1909 748
1910 736 1398 234
1912 4303 4184 1670
1918 1112 1711 3474
1919 2171
1924 1642 1305
1926 1836
1928 163
1930 2040
1934 145 3840
1940 1711 2167 1389
1941 421 2105 697
1942 3790 2435 1389
1943 4416
1945 690 1896
1946 1316 1014 1896 1450 423 2640
1949 3362 3961 1259 4604
1951 690 1896 4184
1953 1896
1954 690 2943 1264 1550 3830 301 5330 2245 1210 1273 1389 4604
1955 2917
1956 1979
1966 423
1971 3588 640
1973 3453 2620 4184 348 3259
1974 1389
1975 751
1977 5988 1529 423 3588
1978 1394
1980 5391 4947
1984 2171 2014
1985 1697
1987 2171 5999 3840 1896
1989 880 838
1990 421 1911
1991 736 3961 1389 4416
1992 1670
1993 3453 3840 4416
1996 5391 1164 1389
2001 2943 301 3693 880 2040 697 1210 640
2002 423 3650
2003 690 839 3693 4326 5455 423 3259
2004 4930 1896 4416 4604
2007 2917
2011 1747
2012 691 1896 423 1957
2013 1087 1019 4275 1850 1202 342 1450 149 3961 4604
2014 1019 2187
2016 1087 1305
2018 632 3259
2019 1087
2020 2943 5087 752 1550 5455 3453 3370 1670
2023 3013 2171 3259
2028 3482 1550 1305 3589 3079
2032 2943 2488 4326 423
2035 1305 234
2037 752
2040 194
2042 1642
2044 126 1642 4826
2046 690 2171
2047 1642 1896 234
2049 3127 1732
2050 1264 4475 1711 1290 1896 3961
2051 1305 3961
2053 4303 2943 752 4326 1490 3453 3961
2055 1592
2057 1420
2058 1351
2060 1670
2061 880 3037
2063 880 3037
2064 2780 4517 3968
2067 690 342 3079
2068 5455 3961
2069 1747 3474 423
2070 423
2073 2943
2074 423 3588
2076 880 342
2082 690
2087 2909
2088 2943 1087
2089 2780 736 1642 697 1389
2091 3805 423
2092 1398
2093 1100 187 880 5410 4416 234 1119 423
2094 1264 4762 1009 5945 3474 3037 4416 1389
2096 2187
2099 880 423 3259
2101 3805 402
2103 3805 3037
2104 2943 3805 4184 3961
2105 4475 3037 1896 5455 1670 3588
2107 4382
2108 4382
2109 3453 4382
2111 880 2187 423
2114 4184
2115 1670
2116 1014 4275
2118 5455 3744 423
2121 423
2122 4300 640
2123 3259
2125 4762 1732
2127 3805
2130 1124
2131 4303 2435
2134 5455 2171
2137 1087 182
2140 1087 4826 234
2145 4087 2909
2148 1394
2153 1642 3052 880 5730 1389
2157 1642 880 697
2158 2909
2161 3693
2165 5470
2166 3693
2167 342
2168 1896 423 3961
2172 4303 1163
2173 182
2176 880 423 2014
2182 4303 2943 752
2185 4303 1642 103 1389 3588
2186 3453
2191 2877 2171 423 163
2196 4947 2435 1670
2197 2943 5087 1711 880 3079 697 4597 423 4382 4184 4799
2200 1264 2105
2201 1087
2205 4416
2207 423
2211 342 1642 4517 423 4475
2214 5999 1670
2218 1670
2220 4303
2221 1642 880 2017
2222 5470 3805 880 697 3961
2223 1264 3805 880 301 2543 1911 3968
2232 3037 1979
2234 2943 3805
2235 4826 1711 1112 1545
2239 2809
2242 1642 5999 423
2243 1642
2249 2943
2251 187
2254 1087 3840 3037
2259 1389
2260 690 187 194 752 145 5352 1550 5239 3037 2620 2909 423 4416 640 3259
2261 2943 5686 1559 1957 5577 752
2262 1670 234
2263 1578
2264 2780
2267 3502 4275 1202 709 1265 880 1732 194 794 1596 1550 5410
2268 2171
2269 4303 2943 3362 752
2271 5391
2276 5455
2278 1112 2968 1709 3410 5455 880 2840
2282 2963 187 1264 301 2171 5945 5278 4416 1670
2283 103 1732
2285 4303 1062
2286 2780
2287 1940
2290 2819 2543
2291 1670
2292 423
2295 423
2296 3561 1529
2298 3259
2299 1732
2306 2801 3453 1523 5008
2310 423
2316 5536 1670
2317 3805 3037 1896 880 3961
2318 880 3961
2321 1642 1273 2543 1087
2324 4303
2325 1642
2326 1368
2329 4303
2331 423 4184
2334 752 2909 3037 5008
2339 421 5352 3805 3037 880 3961
2341 1642 4826 3037 3961 3968
2342 1670
2346 4326
2347 187 4762 4303 623
2348 5391 1305
2349 1642 1394
2353 4303
2354 5618 5945 4416
2358 1747
2359 4303 1711 752 2858 3037 3453 3588
2361 5871 4820 187 880 2167 4124
2362 4762 1119
2363 4303
2364 1050
2365 2943 1264 1087 4416
2367 4256 2943 309 1711 3830 5945 1164 2171 194 2040 2620 4644
2368 1305 441
2369 2943 3805
2371 1087 5953
2372 2917 4416
2373 2943 1642 3961
2374 828 736 697 234
2375 2358 1670
2376 187 3691
2379 1264 1610 1368 3618 4839 3474 2152
2380 1642 1711
2382 2014
2383 1642 2917 1711 691 1550 880 697 2909
2385 2488 880 5953 4184
2386 2488 1711 1559
2389 1642 752 145 1896 880 3744 2593 2620 234
2390 1305
2391 2171
2396 1305 3650
2398 4597
2399 1642 697 1911
2401 1414 2620 4604
2402 2171 5577 1670
2403 1896 4416 1670
2404 1836 1420 1112
2405 5577 1896
2407 4303
2408 1368
2412 2809 1896 423 3961
2417 4762 4820 1747 2375
2418 2943 4124 3037
2422 4326
2429 1896
2431 1264 4416
2433 5087 3409 752 2593
2434 4303 871 1642 752 145 1623 3013 880 2110 697 2593 839 2755 3370 3422 3451 4416 3588
2435 2780 4275 3980 1389
2436 1112 354 5999 2167 4820
2439 2171
2441 2778
2442 4303 1264 1732 301 3961
2446 4003 35
2451 194 1896 4416
2454 342
2457 423
2460 2224 690 1896
2463 2943 1060 691 1550 880 5455 640
2464 1060 880
2465 4184
2467 1711 1747 423
2469 1711 880 5577
2470 752
2474 3362
2475 1305
2476 4553 1711 4124 4604
2477 2943
2478 4303
2486 64
2490 3079 1642 5470 5999 2017 194 4416
2493 3961
2497 187 1711 4167
2498 4303
2500 5309
2507 3517
2509 4303
2510 880
2511 4303 5278 5455
2513 4540 1424
2514 3805 1398
2516 423
2525 3037 3961
2526 2963 2943 1019 3362 182 3744 103 2909
2527 690 3079 4604
2529 1711 1305
2531 1060 3037 2171 5730 1420
2534 4762 5999 2543
2535 2909
2538 4762 1896
2539 2963 1642 5999 3370 2620 3961
2540 4762 640
2543 3362 4303 3518
2545 3037
2547 423
2548 936
2549 342
2551 1264 1087
2556 4303
2557 3259
2558 690 4762 3790 1550 1316 1389
2559 1050
2565 423
2567 1642
2568 4303 2780 1642 4475 2909
2569 2909
2572 1351 1398
2575 2943 5087 4326
2578 5087 1112 3470 5391 3822 929
2581 1896 423
2582 1642 461 3744
2583 4762 4184
2584 5455 4303 1896 880 3961 2171 2187 2245 2909
2585 690 1896
2586 1351
2587 880 2543
2588 880 5999 3624 3259
2591 1896
2593 1670
2595 1896
2598 1896 2017 1210 4416
2602 145 1087
2608 423
2609 4799
2610 4762 1711 1550 2620 3961 4799 3259
2612 5999 1896
2613 2897 1711 5999 2167 163
2614 1210 5999 423 3961
2615 5999 2543 1578 4184 3961
2617 880 35 3259
2618 5391 2780 1642 3691
2622 4799 2943 187 736 1646 1550 1009 2435 2488 2152 752 3259
2629 1050 5945 936 3013 1604 2488
2630 1670
2631 880 5239 4475 3037
2632 1896
2633 1670
2634 1896 4839 423 182
2635 148
2636 2017
2638 3453
2639 187 1642
2641 309 2909 4382
2647 690 5470 880 35 3037 3588 640
2649 2780 187 1711 752 301 2593 3961 3588
2651 3037 423
2652 423
2653 423 3588
2655 690 5999 423
2658 1087 163 640
2659 2488 690 736 1009 4326 103 2152 640 3259
2662 5008 3693 194 5356 2194 234
2663 2543
2665 4303
2666 5822
2667 1087 2963 1305 1112 4416 4604
2668 441
2669 1424
2670 4275
2671 5999 2450 1896
2675 423
2676 1450
2678 1642 2909
2679 5087 4820 4604
2680 4184
2683 423
2686 1896
2688 1351 880
2690 1316 880
2691 880 1394
2693 5633 1711
2694 3961
2695 3693 880 3961 5999 1896 4184
2696 1747
2697 690 5455 3961
2698 4303
2710 1264 3470 2909 2014 4184
2711 187
2713 1450 1424
2717 1490 4416
2718 2488 3805 2620 3037
2719 423 3961
2721 1368
2723 64 423
2724 1896 4820
2725 1896
2727 880 1394
2728 1711 1896 5326
2729 2943 2167 2017
2731 880
2732 1732 423
2735 1305
2736 4416
2737 1087 1642 880 4820 1592 402 2488 709
2738 1305 1389 3588
2739 1732 182
2743 3079
2744 1060 880 4604
2745 3686 1670
2746 1747
2747 1836 640
2749 1896 5999 4416
2750 1896 2543
2751 2963 2171 2620 1670 423 4604
2752 3961
2753 1555
2754 1100 1747 2171 697 1779
2755 145 5999 4416
2756 5087 1316 2846 1141 3961 640
2757 1642 1896 4184
2758 1896 1163
2759 1163
2760 2375 3961 3079
2761 1490 2435 423 3145
2763 3259
2764 3013 1368 2167 697 423 4184
2767 1711 1670
2769 2593
2770 690 752 2858 5945 3013 880 2593 2620 4184 1087 3511 1389 640
2773 4167
2774 4416
2779 2040 4416
2783 2488
2787 2224
2788 2543 1087
2789 2245 1896
2796 35 423
2799 697 194 4184
2800 3037
2801 736 1642 3744 3474 5920 423 64
2802 2488 1316 2435 4275 163 2543 3259
2804 194
2805 1896 4416 1670 3961
2806 3259
2808 3362 4799 3744
2809 1811 640
2811 3693
2812 2943 2809 350 2877
2813 3409 1389 234
2816 5391 4416
2819 1896 1670
2820 411 1316 5999 1896 3961
2824 1424 3453
2825 1264 1711 1550 1305 2062
2826 4788 1062 2943 752 3037 1300 5720
2827 4303 2943 1642 3370 1018
2829 1316 5455 5330
2833 4762 130 697
2834 4275
2836 4760 2488 5871 4300
2837 3016 2435
2840 3482 3228 194 697 1398
2843 1316 1896 1979
2844 4303 3079 4762 163
2845 3588
2846 3079 5999 748 318
2848 3961 2017
2849 5352 5467 1896 2840
2850 2780 187 1642
2851 1642
2856 1100 690 1711 1420 3961 2909 423 2175
2857 1896
2858 3968
2864 187 1578 4184
2865 1896 1670
2868 1697
2869 309
2876 4303
2882 4326
2884 2171 423 3961
2885 3037 1163 3588
2886 2809 752
2887 1642 1316 1424 1389 423
2888 5455
2889 4762
2890 1316 3693 423
2891 690 2171 5455 1389
2893 3693 3961 342 423 1578 3259
2894 3588
2895 1642 752
2896 342
2897 1389
2898 1305
2899 2943 1697
2900 1732 1066
2901 4326 423 2014 4416
2902 1305 3079
2905 1642
2907 4475 640
2908 5577
2909 4762 697 4124 423 2809
2910 1732
2911 752 4124
2914 4416
2920 1896
2921 4303 2809 2488 3980 5595
2925 5087
2930 1316 2543 1670
2931 3646 1711 4326 1305
2932 309
2933 1062 4303
2939 2224
2940 697
2941 145 1896
2943 1368 697
2947 4303
2948 3502 1300 3127 1529 2917 2022 1290 301 1697 1388 5633 1305 3589 4416 1446
2956 4644 1942 936
2957 4540 3390 709 697 691 1697 5356
2959 3840 163 1896
2962 4184
2976 1896
2979 4303
2982 423 4184
2983 1202 1747 5536 1290 1896 3961 5999 2110 35 172 1389 234
2984 1060 3968
2985 1305 4416 1596
2986 4788 623 4416
2987 1264 2394 1896 3961 4416 182
2988 2543 736
2989 880
2990 1711 3259
2997 421
3000 697
3004 187 145
3006 2171 1911 423 3079
3007 3050
3016 1836 2943 1711 3961 2620 4604
3017 2943 301
3018 3961
3025 3961
3027 145 4303 2809 4300 752 5202 2435 5809 163 2778 4416
3028 4303
3030 3961
3033 1019
3036 690 5087 3805 2543 4416 1670 3961
3038 182
3039 342 4326 5455 4416 3968
3040 3079
3041 1305
3042 1420 1290 145 1550 301 4604
3044 423
3053 2963 4839 3840 623 1578
3054 3362
3056 4124
3062 423
3065 5087
3066 64 348 4762 1305 1896 3961 5455 423 4184
3068 4326 1389
3069 5087 2379 1119 1550 5999 3840 623
3070 187 3453 5379
3073 2209 1273
3074 2917 1087 1864
3076 2897 4184
3077 2943 234
3080 3961
3081 1018 423 1896
3082 2017 1896
3083 5999 1896
3084 5577
3085 3079 4762 1264 5470 880 5239 4475 3037 301 1896 4820 4416 3961
3088 1087
3089 1642 3052 880
3090 1264
3092 4184
3093 423
3094 145 1100 2943 690 292 2171 1398 2620 2778 3589 4184 4416
3096 2593
3101 3961
3105 3961
3107 1450
3109 5999 5577 1670
3110 5087 1642 4762 1316 1450 1389 423 3259
3111 1305 423
3112 4184
3113 1389
3114 1351
3115 5633 1316 880 5455 3840
3116 1642 423 3259
3117 1896 5999 4326
3118 1316 3961 4326 3840 3588
3119 880 423
3121 2780 5834 5309 2488 5352 1389 5202 4820 2435 640
3125 5391 3390 2840
3126 4167
3127 187
3132 2187 623 1732
3135 690
3136 1305
3137 2943 423
3138 421 187 1394 880
3139 3362
3146 2943 5871 1864 1305 2909 1811
3147 2943 309 2014 5577 4184
3148 5330
3149 5822 4416
3153 3053
3155 4762 2819 1896
3156 5999
3157 690 1896
3158 2488 5087 3961
3160 1642 1450
3161 4303 3079 5999 3840
3162 64 1305 1711 423
3163 4303 4275
3164 5822 5595
3165 1062 1623 5595 1940
3166 1305 4540 2840 5455 5633 697 3422 1578
3167 3689
3172 1264 752 1305 3689 2062
3173 3961 3453 4382
3175 1264
3182 1642
3184 1019 187 5618 5834 5352 3037 880 3744 4382
3186 1087
3189 3961
3192 1896 4416
3194 423
3197 5577
3200 2943
3201 2778 4184 4416
3211 690 4604
3217 342
3218 2780 4275 530
3219 752
3220 1264 2909
3221 5467
3224 4184
3225 2780 2809 3693 2593 5008
3226 4303 1623
3228 5467
3229 1529
3232 1112
3233 423
3234 4762 5633 5999
3239 3588
3245 3686
3249 3482 182
3252 4762 880 5999 423 3370 3961
3258 4517 2909
3264 4762 5999 2167 1896 1670
3267 1711 1490 3037 4826 880 3961 2171 2620 1896 4184 4416 4820
3271 4762 2809 423
3272 3079 1642
3273 5455
3275 234
3277 880 3259
3278 187 4947 1316 2017 423 1911
3279 690 3474 736 1550 5536 4604
3280 690 2943 1896
3281 4256 3474 4762 4184 4604
3282 3693 1389 423
3288 3079
3293 1100 4475 880
3294 1316 4475 1896 3588 1394
3296 4762 1394
3297 2897 3805 880 3037 697 4416 1394
3298 2897 690 623 3805 3037 301 880 337 1394
3299 3805 880 5730 1394
3301 3474
3303 1642
3306 423
3307 187 1424
3308 4416
3312 4553 2943
3313 1711
3314 1864 5809
3315 1450 1979
3317 1060 3691
3318 1896 1670
3322 2224 4416
3323 5999
3324 1550 3370 5455 1979
3327 4788 1368 5999 748 1732
3329 5051 4416
3330 3961 1670
3331 3961
3332 1896 423
3333 2017
3334 3805 342 1811
3335 1896 423
3336 697 4604
3337 309 5577
3338 1060 838
3340 3228
3341 1697
3344 2943 690 2780 4762 309 2831 2795 437 163 2620 441 4637 4184 3259
3345 880
3346 5008 4303 2780 4300 5834 3805 3259
3347 3961 1811
3348 4300 1529 1642 5352 4303 3744
3349 2231 5467
3361 423
3362 1642
3373 318 2209 5455 3474 3370 4475
3374 3422 4275
3375 752
3376 1398
3377 1414
3378 3053 318
3379 3961 5999
3380 5330
3381 1670
3383 4553 4303 2780 2943 1578 3805 3037 270 1670 5379
3384 1264 2917 4540 1305 4644
3385 1697
3388 4303 1642 3969 3744
3391 4820 182
3399 1305 4124 1163 2171 423
3401 342 4762 5352 5633 2245 623
3404 1747 4416
3410 5595
3412 1290 1351
3414 5008
3415 4303 752 5595
3416 838 35
3419 2840
3424 423 4604 3588
3425 2909
3433 4256
3439 1264 1112 5822 1218 301 2755 4416 1450
3441 3517 3518
3442 1732
3443 5008
3444 2917 1864
3447 1394 1305
3448 1210 5455
3449 4303 1062 1642 1264 752 880
3451 3969
3454 5455 4326 423 342 3588
3455 3588
3456 1670
3457 623 880 5467 1979
3459 5999 1896
3464 1864
3465 4416
3467 1264 4275 3968 1940
3470 5330 3474
3471 194
3474 5008 1394
3476 690 2943 1264 309 5352 5455 2014 3589
3479 1968
3480 4303 3832 1019 5822 1529 5834 1850 4430 1646 5945 748 1697 2909 3589 441 4184 4416 2152 4604 1389 3968 640
3483 200 3422
3485 2917
3488 4303 752 2909
3489 2943
3490 5822 2209 2171 1351 441
3491 2780 1264 1711 1425 1559 5097 301 5945 2209 270 1716 3715 5536 1388 4799 3370 3016 2543 5577 2014 5595 5822 4416 4604 3968
3493 1979
3494 752 5202
3495 2118 5356 3079
3496 3771 5202 2389 4637 910 4167 3259
3497 1642 1450 2909
3506 1316
3507 880 3961
3508 423
3509 3840
3510 4303
3512 4303 1642 3840 3037
3517 880
3523 1864 4799
3528 2943 5871 2118 5822 1394 5455 5838 2778 4637
3529 3474 1100 2963 5087 2917 5822 4446 2187 697 1087 1300 3517 4604 3968 3549
3530 3502 481 1424 3259
3531 3938
3532 3228 1642 5834 2917 5202 2209 2167 1424 3968