0 3561 192
1 4998 3139 4087
4 5993
5 1163 1424 4040
6 4998
9 5993 4115 5679
10 4998 1087 3990
11 4937
12 4937
16 4998 5299 1354
19 1305
20 1163
22 3990
24 1087 1120
25 2189
27 1087 192
28 1264 4998 1732 3010 453
30 5993
31 4998 3010 1940 423 2904
33 883 5274 2904
35 5536 1120 1124 423
38 3561 5679 1598
43 1646
44 1163 1424 3519
46 1732 3367 4124 1981 4799
47 1598
49 1450 182 1775 3202 1981 3010 1255 4839 5784 145 5869 2361 284 453 3258
50 1087 5455 2859
56 3961 423
59 2809
60 910 5060
66 423
67 1646
68 1924
70 1732 4486
71 5046 423
78 194
79 5169
80 1163 2840
86 3646
92 1646
94 5633
97 1264 5391 1732 5046 5455 5679
100 3010 1646
101 2352 1120
103 4864
105 883 5455 5633 1124 1277
106 2352 1255 2076
107 1732 423 2543
114 2488
116 5784
118 1163 5455
126 1646
132 5993 5485 1163 1120 1646 1957
133 1120 2352 2375 5679
134 1646
136 5679
139 883 5274 5087 5679 1305 1424 1981
140 4998
141 1732
148 1180
150 766 5679
151 1732 4937 5391
154 1981
155 1732
157 2809
159 4115
164 4768
165 4937
169 5391 1732 4576 5679
174 4087 2809
175 1646
183 1163 4828
185 342 1450
187 4864 3010 5679 3223
188 1273 5536
194 4813
195 1942 1424
202 1560
204 1979 1120 1560 192
205 5679 5577
207 3961
211 1732 4636 2238 2375 5679 1644
212 910 145 1120 2543
217 2352
218 407 1981 1112 1646
219 5169 407 1163 1100 145 5097
222 1424 4115 4694
223 4998 3961
231 2394
232 1424 453
233 2076
234 4998
238 3561 1424 5051 1924 1305
242 5679
245 3139 5455 3010 64 2076 2917 2909 1997
246 1560
247 2904
250 4998 5046
251 3961 1120 1446
257 3961 1560 1087 1305
265 1747
267 3139
270 1646
272 145
274 1646
275 423 5945 2687 2897 1354
278 883 1560 2189 192 1164
282 5046 1420 4768 5679
284 4998 1646
288 4486
289 1450 5008 4486
290 4486
295 1450 4230
297 4864 2943
298 2904
299 2352 423 5455 1148 1120 192 5679 4486 1598
300 3561 5247
303 5679
307 1811
309 423
310 194
313 5679 1646
317 1424 1245 5679
319 4998 342 1120
325 1120 1560 2858
328 1163 4576
329 2352 194 766 1646 5679
330 4083 3990 342
331 1163
332 5391
333 1732 4637 2238
334 5679
336 1305 4597 145 1120 1124 3990
337 4998 4937
338 5679
341 5309
342 1560
343 4820
344 4694 2904
345 5828
347 1450 4998
348 5993 2943 3990
350 495
352 5679
353 4937
356 2352 5679
357 4998 2543 5679 5169
359 3223
361 4998 910 1163 1120 1087 5679
363 952
364 3411
384 1646
387 4998 4828
388 168
389 1646
392 407
395 4083 4087 4637
398 2113
403 5679 2394
415 3561 1646 1100
416 1732 5247 5455 194
425 5679 1646
429 2352 766 4115 1087 1124 1163
430 342
431 1245
432 407 1163 3367 766
441 1424 1924 5679
443 145 1924
446 1424
449 2352 1911 766 5169
450 1163
452 4768
455 3411 1732 3010 1163 5679
456 423 1924
458 407
460 4124 5679
461 342
463 4486
466 3139
467 4937 1560
468 3050
469 1424 766 4167 1646
472 4998 4864
475 5993 407 4937 2189 1100 3990 4087 1646
481 4184
482 2543 5679
483 3139 3411 2352 1163 1087 1120 348 5679
484 145 1120 2543
486 5679
489 1646 1087
490 4998
495 495
496 5784
497 407 1732
498 1163 1732
499 1646
502 1732 1560 4486 2238 348
504 5046 1120 4486
506 4998 423 2904
509 1120
510 1911
512 453
513 1163 5309 4184
514 4998 2352 1777 1120 1305
516 3010 1424 4115 2238
518 4998 4087 5679
523 4937
525 4998
526 5993
527 952
529 407 2543
547 1560
556 677 1646
557 3561 5679 2904
559 4998 677 2904
560 1732 1163 3367 4635 1981
561 342 1560 4124 3990
562 3139 5467 4937 1942
563 1124 3367 766 4486
564 1450 4998 4937 1164
565 5993 5309 1424 2189 4124 2904
566 2765
567 2352 4864 1777 3054 145 1124 2189 4087
569 1924 3053
570 1100
575 1255 1560 1811 5679 2809
583 5993 2189 1420 5309
591 1163
592 2352 766 5679
596 1424
598 4292
603 182
604 3139 1981 3990 2484
608 3139 5647 5828
610 1732
613 4486
618 172
619 172
620 194
622 168 4937
623 4937
624 623 4083 4087 1255 1850 5046 4230 2070
632 4998
642 3311
644 4768
645 2968 5299 3990 1305
651 1163
655 5993 5828
656 2014
658 4937 1424 3990 1305
659 4083
661 1163
665 1981 766 5679
667 1732
668 5051 1646
673 1732 1148 5784
678 2014 194 3010 4937 4828
687 623
699 1424 453 145 4576 4486 1305
701 2076
702 5993
704 2904
706 1163 1646
707 4124 4115 5679
716 4597 2543
717 1450 1424 1924 3258
719 1981 1305
720 5536 453
721 5679
722 3139 1560 3990
731 1646
737 3561
738 677
739 910 2809
743 3139
751 1087
752 2189
753 2187
754 1732 1163 1424
755 5299 1981 1120 2484 1646
758 883 2352 2968 4937 2488 3961 5309
776 5679
785 1087
786 4937 5784 423 1354
787 1424 5993 2014 1354 5647
788 4998 4937 1354 2809
789 4998
790 4998 1979 423 1424
791 407 4637 284 192 4486 3258
792 3010 1255 2488 1911 284 194 1997
793 4937 5784
794 1997
795 4937
796 1255 194 182 1202 4486 4782 1347 1354 3451
799 1424 145 4937
800 3864 3054 2488 1420 677 1924 4486 2765 1354
801 1100 5647
802 1450 4998 1354 5647
803 4998 423 1354
804 4998 5993 423
805 4998 1646
806 4998
807 3864 1100 1924 4486
808 4998 2450 4937 4828 1354
809 3202 423
810 407 1087 3503
811 4828 1424
812 3010 1255 4937 4828 2375 1420
814 647
815 647 4937
816 1550 1255 3961 1354
817 5633
818 2503 1354
819 4937
820 4937 423 3409
821 1255 1446
822 437 4937
823 4937
824 1354
826 4998 423
830 1424
831 3961
832 5536
833 4937
834 4998 3561
835 1273
836 4937
837 4828
838 4937
840 3139 4937
841 5993 2352
842 4937 5536
843 2488
844 4998
847 4937
849 4998
853 1255 4937
856 936 4937
857 4937 1354
858 172
859 5391 4937 172
864 5536
870 1201
872 1305
878 4937 1646
882 5094
890 4937
892 3139
895 5647
896 4275
899 4937
901 5094 2543
902 5993 1646
904 4998 4694 2809
905 4124 1997
907 1646
909 5679
910 4998 2352 3054 4937 3362 5060 2904
911 4937 1300
912 4998
913 4998 4694
914 4998 1424
916 5679
917 4998 2352 623 4124 2375
918 3284 1163 3367 1981 4576
924 1120 3990
925 4998
927 1953 5485
929 5828 1646
931 407 1732
935 1163 936
936 5828
938 4998 2167 145 3112
939 1163
940 1957
941 1424
945 5051
946 1747
948 4998 5046 3503 2543 4124 1300 1347
950 1732 1163 1087
952 3139 5993 1732 4486
954 4230 182 1560 5869 423 192 1300
956 4275
957 4937
959 5993 4937
961 4998
962 1732 1981 4858 1255 191
963 1732 1555
965 1732
967 4998 5455 5633 5046 1120 284 1354
968 4937
969 2352 4937 1316
970 2352 3367 4828 1424 1747
972 5679
973 3010
975 423 5094 172
976 5993
985 3561 4768 5679
988 1163
990 4998
991 1732 3010
995 1255
996 2840
997 1424 3561 2904
998 5993 5784 2189
1002 5993 5046 191
1003 1148 5784 4637 3010
1005 4937
1017 4644
1018 647
1019 4486
1022 3010 1273 1924
1024 4998 1163
1027 3730
1029 3010 5328 1120 1911
1031 623 3961
1032 5046
1033 1163 4828
1034 407 5485 1120 4230 3503 3961 1305 4576 5536
1036 2858
1038 4486
1039 2450 1141 5679 2765
1040 1732
1041 1732 3010 2968 2917 2070 2909
1042 4998 3367
1043 4937 4115
1044 2014 3010 5485 4937 1997
1045 1732 4937 3157 1924 5679
1046 5993 952 3961 4486
1048 3864 4947 2375 4486
1049 2014 1018 3053
1051 1420 2014 407 1732 3010 677 623 1245
1052 2352 2840 2488
1053 2014 5274 1924
1055 5467 5455 2968 5278 64 2076 2909
1056 1911 1924 423
1057 194 5391 342 4937
1058 2014 5485
1059 1732 3010 126 1911 2917 751 5679 2904
1060 1732 952
1061 194 3591
1062 194
1063 1732
1064 4937 766 1911 284 3016 4486 1644
1065 5274 4937 423 1924 2765
1066 883 2968 845 2076 677 3961 2877 5309
1067 5094 1924 4486
1069 623
1070 1450 5485 4937 1148 3591 1420 1560 4486
1071 4937
1072 423
1073 1450 145 4937 3010 1112
1074 3370 3864 1979 423 4937 2840 2075 2488 1277
1075 4828
1077 3864 4820 1924
1078 2167 4937 1911 3016 5647
1079 1264 1112 2375 4486
1082 4937
1083 423 1163 3367 1124 4635 3016
1084 1732 1942 1446
1085 1100 348 1924
1086 4864
1087 1424 1979 423 4937 1560 1354 4820
1089 3370 1163 4828 1100
1090 2014 647 2488 1560 4486 1354
1091 1255 2488 1112 194
1092 5993 1255 1087 4486
1093 2352 2488 172 5051 1924 2175 194
1094 4820 423
1095 1421 1732 1255 126 1087 2503 4637 1560 623 4486 5169
1096 407 910
1097 3370
1098 1732
1100 5720 3646
1101 3370 5993 4937 194 1924
1102 3054 5577 4826
1104 1732
1105 623 1924 4486
1106 2352 3961
1108 182 3202 4998 5169 407 5087 453 1924 5679 4486 1354
1109 1732 1100 2375 5679
1110 2352 423 1255 1924 5391 4486
1111 1163
1112 1255 342 1942
1113 3139 1732 4937 3367 1924 5455
1114 910 1163 1120 4828 5679
1115 1087 1924
1117 1732 1180 5008 453
1118 4087 3422 4637 1716 1202 183
1119 5993 3358 4937 2488 1100 5679 4486
1120 5087
1121 4937 284 3016 1924 191 1578
1123 3139 4937 1087 1560 3010
1124 4937
1125 3139 1911 677 1300 4694
1126 952 910 1911
1127 4486
1128 1732 1911 2189 1100 5455
1129 3139
1130 4937 1087 1116 183 4486 1997
1131 4998 3053 4937
1132 5046
1133 3561
1134 3370 2450 4637 2238 3362 1424
1135 182 3202 4937 5046 623 5455 5647
1136 1316 1979 4799
1137 4937 677
1138 1450
1140 5993 1716 4486 5720 936
1142 1316 1924
1143 1450 194 4486
1144 1747
1145 5299 1732 1911 623 4828
1146 453
1147 4937 5328 2488 2175 952 2917 4486
1148 1316
1150 1450 4998 3054 1245 2375 4486
1156 1732 1924
1157 1924
1161 3054
1165 3054
1167 1924 2858 1644
1172 4998
1174 1924
1176 4937 2488
1177 3300
1178 2352 2543
1180 5679
1183 5993
1185 1924
1186 3961
1187 1732 1120 1424 5087 453
1189 1981
1191 1255 2809 1997
1192 1646
1195 1560
1199 1424
1200 4937 342 1646
1202 766 3112
1203 1924
1204 3112
1205 2858
1206 4937
1207 2858
1208 1924
1209 5051 2943 936
1210 5993 3010
1212 4998 3054 1100
1217 1732 1911 1424 1924 4486 5679
1220 1646
1221 495
1222 1424 3519
1223 936 3367 1120 3422 4947 4636 1424 1100 2361 183 5679 5169 3202 1354 3451 348
1224 4937 1100 191 2904
1225 182 5554 3223 5169
1226 1124 1163 1981
1230 4799
1234 766 1425
1235 3362 3990
1236 3990
1238 4998 2189
1241 1087
1244 2375
1245 1450
1254 4937 2194
1261 5828
1265 5828 1646
1268 5046 1120
1270 1163 4937 5046 1120
1271 407
1273 1732
1275 5247
1276 1120
1278 4115
1282 1450 3010 194
1284 1732 5686 1163 5046 2189
1285 1646
1292 3411 5679
1294 4998 4115
1297 1732
1299 1646
1310 5008
1312 4937 2189 1100 1981
1321 1120 1124
1324 4768
1325 1450 1981 1523
1333 5647 5679 5169
1339 1450 1732 1120
1351 5679
1353 1560
1361 4694 2904
1363 4998 1120 5828 2943 5679
1370 4230 4636 2375 183 168 5720 4782
1374 3010 1163 1300
1377 423
1378 4292
1379 5046 5309 453
1384 5391 1305
1387 2352 145 5309
1393 1424
1397 1646
1398 5828
1399 3367 766 2189 5169
1400 4828
1403 5993 1120 4184 1646
1406 5485 1255 3367 3503 1124
1412 1163 766 3503 1300
1414 1924 5679
1415 4864 1424
1416 1180
1418 1163
1419 145 1560
1421 5554 3411 1850 145 354 5784 1120 4230 1732 4636 5869 2543 284 1560 5679
1423 1163 1646 5455 5647
1425 1120
1427 1560 3990 1924
1435 1087 766 1560
1436 4998
1440 2189
1445 4937 1316 348
1454 1087
1455 1732 5046 1981 1560 1424 3503 423 5679
1456 4937 126 3990
1458 2543
1460 1141 1120 182 3223 1560 3961 5262
1462 4998 910 3961
1464 5485 4828 1560 284
1468 4115 1646
1469 1646
1470 4998 5993 4694
1472 423 5051 3157
1474 3961 5309 1087
1475 1273
1479 1732
1482 2352 5046 1120 1305 1732 5679
1484 3139 1424
1487 1425
1489 883 1424 1120 2859
1490 145 2189 3990 5679
1491 423 145 4115 1424 5274 1646
1496 1163
1497 3961 1163
1499 4799
1508 1163 1120
1509 2917 1180 5679
1514 5679 1646
1518 1163
1519 4998
1520 4275
1522 4087 4115 3990
1527 5993 5319
1531 2394 5679
1532 5993 4937 1120 2375 284 5679 1424 1644
1537 4115 5679
1542 3990
1544 1777 1646 5679
1545 4998
1550 5455
1552 1424
1555 3139
1557 145 1120 1560
1559 1924
1562 3370
1568 1163
1569 4998
1570 1732 1163
1573 1981 5679
1579 4864
1585 1305
1588 5046
1589 194
1590 1163
1593 1646
1602 1120
1604 1163 423
1612 1120 1087 1646
1617 4998 1120
1618 1163
1621 3561 5679
1623 1100 5328
1624 1981
1626 1120
1635 2904
1636 423
1639 145 1120 5651 5169
1640 1732 4998
1643 1424 423
1645 1646
1648 407 3010 1245 423 2238
1650 3961 5993 1120 1560 4637 3362 453
1651 168
1652 4576
1656 5993 423
1658 194 1087 4937
1661 4937
1662 4998 3961
1663 1979
1664 1979
1666 4937 172
1667 4937
1668 3961
1672 2488 1997
1673 4937 172
1674 4937 1420 1424 1354
1675 423 5577
1677 4820 4937
1678 3139 2765
1679 4937
1680 1450 1255 3053
1681 677 2765
1682 3139 2352
1683 1979 1316 1560
1685 4937
1687 1424
1688 3010 4937 1316 3983 2484 5679
1689 145 423 4184
1690 2543
1691 182 4937 4828 2375 623
1692 407 5046
1694 4998
1695 4998 3370 3054 4937 5455
1701 677
1709 1732
1712 1732
1718 1942
1720 1424 348
1723 883 1732 5577
1726 3367 4637 5319 2904
1729 3054 1100 5679
1731 3503 5319 5679
1732 1450 145
1735 423
1736 194 3010
1737 1560
1738 3961 1560 2943
1739 2352 4230 2543
1743 4998
1744 677
1745 1555 3053 4486
1746 5455 4998 3686
1747 3010 5319
1748 3370
1749 5309
1751 3689
1754 883 1148 172 3451 1924 1997
1755 1670
1767 4937
1769 1087
1776 4694
1782 5485 1646
1784 1420
1786 1120
1788 5391 4486 2904
1791 3139 4937 3961 1354
1793 2943
1794 2352 3300
1795 1957
1800 1732 4937 182 1924
1801 1316 2943
1802 4998 4937 1560 1300
1804 4998 4087 4694
1805 4998 4937 4637 4694 2904
1806 4937 1981
1807 2904
1809 342
1811 4998 4937 1300
1812 4998
1814 4937 1316
1817 4998
1818 423 4937
1820 1450 4998 1087 677 4694
1824 4937
1829 182 3010 453
1830 3961
1832 4937 3990 1924
1834 1450 1924
1835 5838
1836 453
1838 1450 5679
1839 3139 1316 2238 5679
1848 1646
1849 4998 1777
1852 1732
1854 182 1716 952
1856 4937 2488
1861 1450 4937
1862 5828 1300
1863 5679
1864 1424 3010 453 1644
1865 5993 677
1866 342
1867 4998 677 4694
1868 1732 2904
1869 4998
1870 4998 3139
1874 2904
1879 1811
1883 1732
1884 2352 4937
1885 4998
1890 3561 1924 5679
1891 1050 2543
1895 407 1120
1898 4998 4864 4937 3503 453 5455
1900 766
1901 1924
1902 423 1911 766
1908 2840 5945
1910 2352 342 1255
1914 5993
1917 2943 1277
1918 4635 1300 3519
1925 766
1930 1255 4937 766 4947
1940 1646
1941 2503 423
1942 3961 1120 5097
1944 172 3053
1946 3202 936
1949 4998 3223
1951 5993 2352
1953 5993 4937
1954 182 148 936 5784 5046
1955 3561 5679
1972 1924
1973 1163 4937 3990
1975 5679
1977 1450 4998 3112 5169 1646
1979 952 192
1990 1732 1245
1991 5784 2394
1992 3370 1979
1993 4998 2189 2543
1996 1124 1300 2904
1997 1163
1999 4998
2001 4937 5046 348 2076
2003 5993 1120 3990 4087 1305 5536
2004 328 1924
2011 4826 2238
2012 3370 4828 1560
2013 4597
2016 4998 2189
2018 1732 3300
2019 4820 4115
2020 5319 3012 191
2023 1163
2024 1646
2028 1981 5094 4768 5679 4486 1646
2029 3010
2030 1163 2189 1424
2032 4998 4820 4230
2033 3139 4115 1646
2034 5679 1646
2035 423 2840 4828 1009 3300
2036 1424 3300
2039 1120
2040 5828
2042 1747
2044 1316 2543 423
2046 423
2047 4937
2049 407
2050 3370 4937 423 5679
2051 3411 766 1981 1646 2543 5169
2053 5046 4230
2054 4864
2055 1424 1450 1273
2057 3139 5993 1245 5046 1305 4768 1779
2058 192
2059 4937
2062 5309
2064 4184 4937
2067 4998 1305 1670
2069 1420 5828
2074 5993 4937
2076 1450
2083 4998 1120
2085 2484 5679
2088 5945
2089 3961 1163 766 1446
2091 145 2858
2092 4694
2093 3370 647 1732 3451
2094 5784 4230 4115 1354
2096 4998 342 1424 4937
2099 2352 5828
2100 3139
2101 5828 1716 5618 1646
2103 4937
2104 2450 145 4937 2543
2105 5993 4826 5319 1924
2108 423
2109 423
2111 3054 677 5679
2114 1598 1911
2117 183 2484
2118 1550 1316
2121 3367 5679
2122 4998 2352 145 1120
2125 1924 1446
2130 910
2131 2352
2134 2375
2135 4937 3157
2137 5087
2140 1163 5087
2144 1424
2145 1646
2152 4937 2543 423
2157 423 1732
2161 182 3202 1290 1716 183
2165 2375 4256 5828 3503
2166 4998
2167 4998 1305
2168 1450 3139 5679
2169 5679
2172 5633 423
2173 1924
2176 2167 453
2179 4768
2186 4998
2191 4998 3990 1670 1646
2192 4998
2196 1120 677 4115 5679 4486 1981
2197 168 4998 1120 4230 5828 1389 5169 348
2199 5993
2200 1732 1646
2205 1997
2214 342
2221 2543
2223 4937
2227 2484
2232 1560 3961
2234 1100
2235 2840
2241 2194
2242 3054 1273
2243 4820
2246 4184
2251 423
2254 4998 5993 2189
2256 1120 1646
2259 1120 677
2260 3105 3010 5647 1560 5169
2261 4998 5679
2267 1264 623
2268 4230 1305 1100
2269 4998 5993 4230 1646
2271 1305
2272 1120 1273 3300
2273 2488
2276 1560
2277 1942
2278 3010 1732 3105 2543 1716 4799
2279 437 1732
2281 1120 3223 4799
2282 1732 2238 3519
2285 5993 4115
2286 3054
2288 4813 1245
2290 4937 5046 2858
2291 5008 4998
2292 453
2295 1245 5051 1300
2296 3054 2543 5679 1646
2297 1120
2299 1305
2300 4998
2302 1732 194
2306 1450 4998 5455 5356 1957 64 2909 2904 2238
2316 677
2317 1942 3370 3010 4947 2543 2194
2318 3561 2543 2194
2321 4937
2331 4937
2334 4998 1300 5319
2337 1747
2341 4937 1747 4486
2348 4998 1747 1424 3990 2858
2349 5993
2354 4937
2357 1305
2359 1646 1523 1141 2379
2361 751 4230 2238 3300 4768 4486 2858
2362 5993 2904
2363 194 2352 1646
2365 1424 4230
2367 1777 5051 1981 4230 3503 5087 3300 4486
2368 4275
2369 3990
2373 4115
2374 5686 3519
2375 2167
2379 2167 1120 423
2380 5356 5679 1305
2382 5993 4937
2383 3300
2384 1087
2385 5008
2389 1732 4230 4486
2391 3370
2396 1555 1646
2397 4637
2398 1163
2401 5633
2402 4937 5536 3461
2408 5679
2409 1450 3010
2412 4998 3139 2352
2418 4998 4864 2543 2904
2422 3461 1560
2425 1747
2429 182 2352
2431 1120
2433 2014 5046 453 4486 1424
2434 3202 5060 766 4230 284 342 3519 1997
2435 342 5647 4230 4115 2858
2436 766
2441 2076
2442 4636
2444 5679 1646
2451 342 1646
2454 423
2463 1732 3054 1112 1911 342 1277 2904
2464 342
2466 936 3367
2467 3367
2469 4998 4864 1163 4937 342 1124 5319 2904
2475 5828 5679
2476 1732 5784 4486 2904
2478 4115
2482 1180 5008
2490 1273 4937 2840 766
2497 3054
2498 2238
2500 1087
2504 4998
2506 1120
2509 1087 2238
2510 766 1957
2513 1305
2514 677 5679
2515 1911 423
2525 4820 4998
2526 3411 3864 1732 1201 5485 3990 5679
2527 4937 5046
2528 5679
2531 4998 1924
2538 5060
2539 2352 1911 766 1112
2540 623
2542 4937
2543 3139
2545 5828 5647
2549 2167 4115
2550 2484
2551 1120
2558 2014 5046 1646 1924 5679
2559 1120
2572 194
2575 5485 1087 1446
2578 5651 453
2581 1424
2582 3010 766 4230 5679
2583 3864 5679 1446
2584 5993 3054 1305 2238 2189 4486 3519 2904 348
2585 1087
2586 3053 3686
2587 2352
2588 2352
2592 4937
2598 1018
2603 5838
2606 5051
2607 1354
2608 1316
2610 5274 4486
2612 4998
2613 3370
2615 5993
2618 1732 4115 423 1446
2622 3370 1732 2167 5051 1424 4635 5309 2897 5679 4486
2624 3311
2629 2352 194 1450 1446
2630 4998 4937
2631 3010 4937
2634 4771
2636 1163 4937 3549
2639 2167 1018
2645 5633 5455
2647 2543 4124
2649 4230
2651 5993 1305
2655 4937
2658 2352 1124 5060
2659 4230 5356
2662 1100
2663 3686
2665 1957
2666 2450 5828
2667 5046 2189
2668 1732
2669 1732
2682 194
2686 4937 5828
2688 194 5784
2690 423
2692 5391 3961 1087
2693 1450 172
2694 423 1316
2695 407 4644 677
2696 172
2697 5993 4937 1316 2189 2765
2702 4998 1732
2709 1087 1424
2710 1981 1300 5679
2711 2858
2713 1924
2717 3139
2718 4998 5577
2719 1424 1924
2724 4998
2725 5993 2352 4937 423 4636 182 1747 5618 5169 1354
2728 5993 1777
2729 5993 5455
2731 3961
2735 3686
2736 1163 5299 623
2737 4998 691
2738 4115 5679
2739 4998
2742 5993 4937
2743 5993
2745 423 1560 3053
2746 1450
2747 4486
2749 1273
2750 4998
2751 5485 1560 1424 3961
2752 4937
2753 5993 145 4937 1087
2754 3370 1316 5679
2755 4937
2756 910 2352 3010 1120 5679
2757 182 3202 1316 5633 1300 1202 183 4782 191
2758 766
2759 1120
2760 2904
2764 5046
2766 1450
2767 2352
2770 2352 2877 1981 4230 5651 1732 2484 4799 3822 1644 2904
2771 3961 2484
2774 1087
2782 1957
2783 1087 453
2788 5536
2801 766 1646 284 1981
2802 1120 1124 5356
2804 4275
2806 5784 5828
2808 1087 5720
2809 1245
2810 4937
2812 677 1273 4694
2813 1981 4858 1120 1300 1420 3300
2816 1018
2819 1732 4937 5536 423
2820 1210
2821 4828
2822 4937
2825 2352 191
2826 1450 5993 3223 4635
2827 1732 5485 5046 766 4230 4115 1446
2828 4694 5679
2829 2352 4275 1120 5679
2830 2352 2484
2832 1732 5828
2836 4275 1120
2837 1560 2484 1811
2840 5828 3519
2841 1924
2842 172
2843 2352 1560
2844 1924 623
2845 5993 5679
2846 3010 1316
2849 4937
2850 407 1732
2851 4937 423
2855 1646
2856 5993 342 3054 4937 1911 5455 2904 348
2858 1112 2904
2859 677
2862 4937
2864 5679
2865 4937
2869 4694
2874 4937
2878 4947
2879 1732
2884 5087 5679 3518
2885 5993 1646
2888 2352 5679
2889 4087 677 1202 4275 4831
2890 5828 5679
2891 1981
2892 3990
2893 4998 2352 4828 1300
2894 766
2897 4828 5679
2898 423 4828 5087
2900 423
2901 1732 1646
2902 3561 1811
2905 1450 5169
2908 4998 2809
2911 766 5679
2912 5993
2913 5679 4486
2917 1305
2922 1644
2923 2379
2930 4820 4828
2931 5679
2933 883 1245 1424 4864
2934 5993 5679
2937 5517
2940 5784 2488 1997
2943 5046
2948 3105 5536 1163 2488 1120 4828 3503 2070 5651 1424 4839 2859 1997
2949 1646
2953 1644
2956 1180 4275 5679
2957 2014 5686 453 4653 1981
2959 2352 1578 4937
2962 1087 4828
2965 1732 4947
2969 1924
2974 3961
2976 4937
2980 5384
2981 3503
2983 182 4475 5274
2984 1112 2765
2985 182 5169 5993 726 3461 1163 4937 5784 4828 5869 2375 952 183 5455
2986 5784 2488
2987 5356 1732 677 5647
2989 3053
2990 1450
2995 1924
2997 1450
3000 4937
3004 1732 2270
3006 1450 2238 4768
3016 5455 5647
3017 5647
3024 4998 1560
3025 4998 1747
3026 2543
3027 883 1732 3367 1120
3028 2488 5679
3030 5679
3036 4998 407 4828 145 5319
3039 5993 284
3042 1732 5391
3044 1120 5169
3046 3646 2640
3047 5784 194 1424 1997
3053 5391
3066 2014 3010 1087 5319
3068 1120 3990
3069 4937
3072 3519
3073 194
3077 5577 1997
3080 1163 1424
3081 4937 952
3082 182 1210 2375 623 936
3083 4998 4937
3084 1210 1112
3085 4864 3010 1981 1560 1163 1424 5647
3088 172 1997
3089 1732 2189
3090 1087 1305
3091 5094
3093 1450
3094 1732 1120 4124 5651 5679 423 4839
3097 3139 5008 766 5679
3101 2943
3109 3961 1732
3110 5993 1087 1924
3113 5679
3116 766 5633 5679
3118 4937 5577
3119 2014 1911
3121 4230 284 2121 5679 794
3123 4998 145 1424 3561 5838 3961
3124 4115 5679
3125 4275
3126 453 2121
3127 3223
3132 5455
3135 4998
3137 3054 1255 2904
3138 182 423 2543 183 5679
3140 1316
3143 194
3145 1100 1644
3146 4115 5008 191
3149 5517
3153 4937
3154 453
3155 4998
3156 4937
3157 1450 172
3158 4998 1953 4937
3159 5993 4937
3161 407 4937
3162 3139 5993 5274 4937 145 348
3164 1305 1120
3165 3990 423
3166 1119 1420 1446 1811
3167 1924
3168 172
3172 1087 2076 2809
3175 4864
3178 1424
3182 1450
3184 1811 4230 4635 3961 2270 5679 1141
3194 1450 2484
3205 4937
3207 4937
3209 4937
3217 1120
3219 4864 5169
3220 3223 1124 2194 4087 5679 1646
3221 1245 1424 3686
3224 4937 3961
3225 766
3226 4998 5679 3519 1997
3229 3053
3230 4937
3231 5784 4828
3233 4937
3235 5993
3237 1450
3238 3139 4937
3249 423
3251 4937 1911
3252 2450
3264 4937 5169 1354
3267 5391 5993 5274
3271 4998
3274 4937
3277 5993 1911 3961
3278 2014 3961
3279 453 3961 194 3300
3280 4828 5828 5647
3281 4828 1924
3282 5679 1646
3283 348
3293 5679
3294 3010 145
3295 5828 194
3296 1924 1245
3297 5828
3298 5278
3299 4937 5828 2543
3301 3300
3302 5993
3307 5993
3308 3411 1120 1598
3312 1775 5679 3518
3313 1305 1578
3315 677 1424
3317 5993 910 1120
3318 182 1732
3320 1732
3322 1255
3324 1924
3327 4937 2858 5046
3329 3470 2488 623
3332 2352
3334 453
3335 2076
3336 4937 3961
3337 4864 5828 1644
3338 1245 3990 1424
3339 4230
3340 4768 4831
3341 1424 453
3344 1499 4230 5647
3345 1424 2238 1523 5309 5679
3346 5993 4230 3223 5679 4486
3348 5679
3349 3105
3353 348
3355 4937 5679
3356 5679
3361 2543
3363 2543
3364 1646
3373 133 4947 1911
3374 766 1087 5647
3375 1953 5679
3377 1560 5087
3378 5467 1732 5577
3380 2840
3381 3561
3383 1424 3010 4230 2076 5679
3384 1424 3300
3385 5391
3388 2352 5828 5679
3399 1646
3401 1924
3402 1316 2076
3404 2075
3408 1560 4476
3410 3561
3414 3990 5679
3415 5309 5679
3416 2488 3451 1997
3419 4184 1120 4839
3424 3864 5046
3427 2909
3431 4998 5993
3433 1450
3438 1953
3439 1979 1811 3519
3444 5946
3447 5356
3448 4864 1163
3449 3139 4115 1424 2238 342
3450 4864
3451 2488
3454 1305 5679 2904
3455 1120 495
3457 3864 952
3458 3961
3462 1300
3467 1305 1644
3476 1120 2076 3503 1997
3479 4115 5356 1924 5679
3480 423 5993 2352 1560 2488 5651 4768 1779 5946 4839
3485 1953 1424
3489 1424 3561
3490 453 5686
3491 1499 2819 5046 3012 3503 2070 5651 1300 5274 1997
3494 5485 3503 192
3495 1424
3496 5455 766 1120 5828 3961 1305 4576 5679 1981
3497 1732 1446
3498 1446
3506 4937
3508 4184
3510 4937
3523 1560
3526 4115
3527 4275 1924
3528 1777 766 1120 337 4635 284 441 5679
3529 1578 3053 1850 1180 2840 3409 5008 2488 2076 2271 441 2375 2062 4486 1598 2238 423
3530 3139 5686 677 2121 5679 5946
3531 2352
3532 2352 5046 1957 3451