0 3012 2394 1087 2406
1 1347
5 1087 423 2813 1193
6 1163 1193
9 3411
10 1754 3422 2813 1193
13 5051
16 1754 1163 2189 2813 3019 1193
17 751
20 2846 5679 2642
21 1754
23 1305
24 5450 3019 1754
25 1754
27 4465 1754
28 423 5008 1446 1193
31 751 4955 2813
33 1163 3001
35 1853 3412 1087
38 2846 342 3699 5784 192
42 3411
44 751 647 3411 5784
45 5299
46 5450 2886 1754 2642 4725 1193
47 1754
49 1853 2846 4461 4725 1738 5129 1193
50 2846 1754 1193
56 4828 742 1732 1193 3019
60 1754
61 2846
71 2809
79 5679 1305
83 4725
86 752
87 423
91 1389 5319
97 1018 5784 742
100 2846 1754 4725 2175
101 5051 1193
105 1351 2984 1754 2840
106 2189 1420 5129 1119
115 4465
118 3016 3001
132 1193
136 3412 1201
139 3367 4955 1754 2984 2642 2189 2813
140 1087
142 2984
144 1193
150 423 5450 3367 1754 1940 3451 4725
151 3969 1446 1193
157 2984
160 5051
162 5008
164 4725
165 5945 423
169 2846 1193
179 1732
183 5679
184 751 1193
185 2984
187 5008 1193
188 2246
202 1450 4725
203 1351
204 742
210 5299
211 5784 3001 1193
216 5410 4725
218 1853
219 5809 5784 4799 423 3518 3730
222 5784 1754
223 4725
224 1754
231 1853 1112 4955 1420 1193
232 3519 936
238 2886 1754
241 4465
243 342
245 1853 2984 230 3951 2189 4839 5299 1754 736
250 4955
251 1193
254 751
257 423
261 342
262 1193
265 1193
266 5129
267 1245
270 736
272 1112
274 1193
275 751 1339
278 2909 4461 3519 156 1596 5129 5297
281 1163
282 3561 5051
284 647 342
285 2984
295 4745
299 1853 3412 4465 1351 2813 1754 736 3730
300 5679
302 2846
303 2886 1193
309 2846 2984 4083
313 423 4446
317 1193 1754
319 5993 1193
322 1305 4465 1193
324 1450
325 647 4725 1193
328 2846 5051
329 2813
330 3951 1193
333 1193
336 5450 3451 4465 3001 5299 3019
337 751 192 3019 1193
338 3411
348 751 1754
352 647
353 5051
357 3411 1242 3422 192
360 3422
361 2886
363 1747
385 1754 4465 423
387 4725 5051
390 4083
402 3411
415 4465
416 5784
421 5051
427 4465
429 1193
431 5043
432 1754 3699 2189 192 2813 1193
441 1754
447 1754
449 1193
450 1193
455 2984 1398
456 5450
467 4576
468 1446
472 1754 3730
475 5087 936 527 4275 3519 4486
476 4725
483 1193
484 1754 4465 5051
486 1193
487 2840
490 4461 4725 1193 1100
495 1754 2809
498 1193
499 3367
502 1853 1754 156 2813 5679
504 1853 1754 4725 423
506 4725
509 5051 1119
510 1193
513 5647 4725
514 2846 1754 3001 3422 5060 2813 1193 1124
516 230 5129
517 5679
518 3422 1193
522 5679
525 4576
527 2846 5679 423 5316 4725 4631
529 1305 1850
536 1732 5784 2059 1193
543 752
548 423
553 3390 1420
556 4725
557 2813
558 3001
560 1754 230 5434 2647 3001 342
561 4828 5060 4631
562 2984 4576 4465 3001
563 1420 751 1754 2246 348 1193 1087 736
564 2846 5051 2984 2406
565 1853 2984 936
566 2984 2406
567 3411 910 2394 1193
569 2642 423
575 1853 1351 2886 4461 2189 5129 1754
577 5008
591 1940 1193
592 1940 4725 5051 1193
603 1754 1124
604 2846
610 1193
615 1351
619 1273
624 1853 3411
635 1193
640 1732
644 423
656 3951 1732 2011 3001 742
661 5784
665 5450
668 2984
670 4955
673 1351 1087
678 5316 3412 3158 1420 5129
680 1193
692 1193
699 2846 1351 1957 4725 1193
701 5627 2984 2897
702 751 1754
706 423
716 5316 3001
717 5450
721 1754
722 4725 1193
725 1273
739 2846 2813
742 5679
744 4465 5060 1754 1193
751 3411
754 5087 1100 1193
755 751 1193
758 1853 2846 2175 4955 1193 5129
775 1347
786 4955 3019
787 1414 5299 1420 936 527 5129 3019
788 4465
790 4465 1193 3019
791 5129
792 1754 1446 3699 1112 3461
793 4184 2246 423
794 1087
795 2406
796 2246 1100 4745 5647
797 1550 1942 4465 5784 2014
798 4828 2642 194 5129 1754
799 423 4465 527 3019
800 1853 2379 1347 1163 3699 2642 3412 5421 3451 156 5129 5297
801 4184 4465 5409 1112 736
802 1302 2189
803 5060
804 1425 2246 5060
806 3019
807 2984 2246 5297
808 1754 5051 2379
809 5784
810 1747 423 3019
811 2846 5450 348 2189 1193 5129
812 2647 4465
814 1754
816 623 5129 3019
818 623 423 736
820 5060
821 1273 1087
822 1754
826 4465
828 3001
830 3019
832 1087
833 5129 2406
835 5784 5297
838 2647 839 1087
839 423
840 192
841 2379 4465 1193 5129 736
842 2246 3412
843 423 5129 1087
857 3451 4631
859 1087
864 2840
867 2246
870 1811
872 5299
875 5679
878 1087 3284 1193
879 3951
882 5679 1193 1100
888 1193
891 1347
893 3951
894 236 1347
895 1273
896 1273 2246
899 5679 1273 4465
902 4465
904 1450 2984 1087
907 2846
910 5309 3019 736
912 1140 2984
913 4828 192
914 2642 1775
917 1140 1100 1201 3412 4083 2379 5043 3019
918 3411 2642 230
923 1193 2840
926 1193
929 2813
935 1351
938 751 1087 5299 2813 4514
939 1120 1193
943 4465 423
948 3951 1754 2984 3412 192 2406
950 4465 3001
951 3001 2014 5297
952 3951
953 2909 1747 4465 5784 736 5297
954 1100
957 1302
958 2642
959 1754
961 4465 5060 1193
962 2909 1754 230 936 3461 3412 4725 5554 3519
963 5450 3411 2394 156
964 2886
965 3086 2813 5051
966 647
967 3451
968 4725
969 423
970 2984 3411 4465 2394
971 5945
973 2846 3367 2984 1777 342 1193
976 4184
985 4725
987 1942
988 2394
989 3951
991 2984 647 1163 3411 4465 192 230
992 4275
995 1351
996 2846 1351
997 4465
998 1853 2909 2858 3411 3699 3412 3001 5129 1754
1002 1112
1003 1087
1011 5309
1012 5784
1018 5784 4799
1019 4828 3001 192 1420 1193 1087
1022 1351 1193
1023 4725
1025 623 1112 5297
1026 936 3019
1029 3451 1193
1030 1193
1032 5129 1450 1193
1033 1732 5051
1034 5356 5421 342
1035 5356 1351 1193
1036 4725
1039 2846 5450 4831 4461 1164
1041 1853 2647 2189 4839 1754 230 736 3730
1042 3951 3411 2189 3001 192 4631
1043 1853 5679 3951 1754 2011 3412 4465 2189 192 230
1044 2909 5316 4576 1193
1045 2984 230 647 3451
1046 3951 2642 910
1047 1732
1048 2642 3412 4465 1738 1201
1049 4820 1245 4828 1302 4955 3412 156 3549 192 5129 1550
1050 2984
1051 3951 2642
1052 4955 4745 4465 1420 5129
1053 1754 3451 156 1193 5129 5297
1054 423
1055 5450 2984 647 3451 4839 736 3730
1056 3053 5784
1057 2175 623 2647 1087
1058 1853 2846 647 2642 1181 2813 1351
1059 2984 647 2642 2647 2189
1062 1351 3951 1273 156 5129
1063 3284
1064 3411 2642 3001 1754 736
1065 230
1066 1853 2846 156 1351
1067 2846 2642 3451 156
1068 3001 1087
1069 2189 192
1070 5450 230 2984 4782 192 1100 1087 1596 5129
1071 1087 1273 3019
1073 5297
1074 1853 194 751 3019
1075 751 4955 2642
1077 3412 1738 3001 5319 192 5129
1078 751 5784
1079 5784
1081 194 1351 3411 3053 5129
1082 4465 5784 2406
1083 2642 1193
1084 423
1085 3411 2189
1086 5784
1087 5784
1088 423 5051 1351
1089 3411 2642 5679 1193 230
1090 2379 4465 5060 5129 1087 736
1091 1302 3589
1092 4461 4725 1120
1093 4040 3451
1094 2017
1095 5450 2175 2246 1979 3001 5129
1096 2246 3951 1450
1097 1302 5051 2642
1098 2909
1099 423
1100 936 2886 5869 3519
1101 230
1102 2246 230 3412
1103 1351 1112
1104 3951
1105 1302 4955 1450 1018 1732 2642
1106 156
1107 192
1108 4828 4576 5060 3019
1109 1853 751 2984 1245 2189 3951 3519
1110 1351 4040 5129 1193
1112 4955 3001 1087
1113 4828 2984 3411 3001 2394 3771
1114 1193 1754
1116 1193 1732
1117 423
1118 2984
1119 2846 2246 1979 2189
1120 3019
1121 751 1087
1123 751 5129
1125 3951
1127 423 3019
1128 2886 3951 3411 3001
1129 230
1130 1979 1193
1131 3001 2394 3019
1132 2175 1193
1133 4275 666 3461 3519 3422
1134 3951 4955 2984 3411 2642 1754 3730
1135 4828 2642 5784 423 5297
1136 4955 192 1193
1138 3223
1139 4465
1140 3951 1850 4184 2194
1141 3451
1142 3411 156 5129
1145 2846 4955 2394 1193 1119
1147 3390 2886 2246
1150 1124 2917 3411 4465 3001 2394 5299 3412 230
1151 2187
1164 936
1167 1747 2647 1050
1172 1450 2642
1173 5051
1176 1732
1179 4275
1183 342 1050
1185 1305
1186 342
1187 1193
1189 2846 4955
1190 1193
1191 1853 5450 1193
1194 751 194
1196 5356
1199 1193
1202 2984
1203 2984
1204 2984
1205 2984
1206 666 230
1207 2984
1209 2984 4576
1212 2642 5087 936 1193 4083
1216 3411
1217 1245 751 342 2984 3411 1193 1087
1218 1193
1221 4745
1222 1193
1223 2846 2984 2813 1193
1224 1550 4465 2189 5247 1193
1226 1424 2647 1193
1230 1193
1234 2846 5051
1235 156 1193
1237 1754
1238 1754
1240 1087
1243 2846
1245 1112 3412 2780
1253 4644
1265 4275
1268 1273
1270 3951 2014
1278 2904 1193
1284 936 1754 348
1290 752
1292 3412
1294 342
1295 1424
1296 3001
1297 4725
1299 4725
1301 342
1302 2886
1311 2984
1312 2846 5679
1321 647
1325 1732 2813
1333 2846 751
1334 4725
1339 1193
1342 1193 1351
1344 1811
1351 2984 4725
1357 2984 342
1359 1193
1363 2813 1193
1367 1193
1370 2984 5299 423 1193
1374 5316 3411 1087
1376 1193
1378 4465
1384 1732
1387 2904 1193
1397 5450 2813 1193
1399 751 3699 4931 5299
1406 1853 2846 5409
1408 1193
1412 5450 5391 4725 1398 1193 1754
1415 1604
1418 2840
1419 4725 1193
1421 5356 1420 3019 736
1423 2858 3001 1193
1426 2886
1427 1193
1430 751 423 1193
1431 4955 5043
1435 230 3411 910 4725 3284
1445 2394 1193
1454 1193
1455 4725 1193
1456 2394 1193 3019 230
1458 5450 342
1459 1193
1460 936 4828 1242 1273 4831 1193 1754
1464 2846 1087 1732
1469 5679 1193
1471 2194
1474 751
1475 751 2189
1479 1120
1482 5536 5450 2984 647 1163 4725 2189 2394 1193 1754
1489 4461 423 1193
1490 1087 1193
1492 5097
1494 4725 1193
1496 2909 1850 1732 936 1242 354 3158 1596 3589 1193
1497 751
1499 3951
1502 1389 1193
1509 1087 192
1514 1339
1518 1193
1527 2846 751 3412 2858
1531 1754
1532 2846 1754 1087 2813 1193
1535 5391 1193
1537 2886 3689
1542 2011 3412
1545 342
1548 1347
1562 1316 1193
1567 2813
1568 5450 1193
1569 4725
1573 4955
1574 1193 423
1577 1087
1589 1273
1592 2984
1599 751
1602 4461 1193
1605 1193
1609 238
1612 4465 3001 1193
1613 1193 1119
1614 5784 192 1193
1618 2642
1621 3086
1623 4465
1624 2846 1732
1629 3412
1635 3951 4828 4446 2984 3411 1193
1639 751 423 3019
1640 423
1641 2189 192 1193
1644 751 2984
1645 2984
1646 2406
1647 1450
1648 751 5087
1649 1450 423
1650 2846 751 1193
1654 4475
1656 5043
1658 5450 4631
1659 5051
1661 1087
1662 4931
1663 4465
1666 1087 5129
1668 1273
1669 1087
1670 1754
1671 2246 156
1672 423 3412 5129
1674 2379 5391 5043
1675 1087
1677 1732
1678 1273
1679 1738 5129
1680 5409 348 2014
1681 1550 342 2059 1193
1682 4828
1683 1754
1684 3561 2394 192
1685 1754 1193
1686 647 2813 1193 3019
1687 751 1754
1688 751 2394 1193
1689 1754 4465 2189 2394 1193
1692 5838
1693 4725
1694 1754
1695 2846 751 3411 3699 4465 1732 1193 1754
1709 2642
1720 3411 2642 2194
1723 4292 5356 3951 1754
1726 3411 2394 3771 230
1729 752
1730 752 936
1731 1754
1732 2886
1735 1119
1736 1450 423
1737 2984
1738 2813
1739 3019
1740 4465
1741 2984
1743 4275
1745 3951 4576 156 5319 5129
1746 1163 1193
1748 4955
1749 3390 2846
1751 2846
1754 751 4461 1193 736
1757 4184
1760 4275
1765 2984
1770 2984 1578
1772 5097
1776 4083
1777 752
1778 752
1781 3969
1782 2813
1788 4955 194 3001 3412 1193
1791 1328
1792 5945
1793 3412
1794 3019
1795 1193
1800 2642 2394
1802 2984
1804 342 4465 1087
1805 2984 2406
1807 5043
1809 5299
1811 2984 2647
1823 423
1824 2984 3771
1830 4087
1833 1193
1834 230
1835 2014
1836 4725 1242 1193
1838 2394 1193
1839 4465 2394
1854 2642 1251
1856 423
1858 1754
1860 1193
1863 3951
1864 2984
1867 2984 1754
1868 751 230
1869 4275 1100 5087 4931
1874 3001 2394 192 2014 1193
1879 647 1193
1884 1305
1885 2984
1886 2984
1890 647
1891 2846 5309
1898 2984 4465 3001
1900 4828 2642
1908 1087
1917 1754 2984 230
1918 2642 3412 64 2189 2394 156 1193 230 342 1119 3730
1925 5051 3019
1930 5051 192
1932 5051
1940 1420 1942 5679
1941 4955
1945 1351
1946 5309
1949 1163 5536 1420 3019 1193
1954 4931 2394 3771 2014 3691 3019 230
1955 342
1966 2886 929
1973 1754 3412 2813 1193
1976 1193
1977 751 2886 1578 2813
1979 1087
1982 647 1193
1984 4725 3001
1985 1193
1986 3412
1987 1273
1990 5450
1991 647 1087
1993 1754 4465 342
2001 5391 1424 1421 3691 1754 1087 736
2002 1100
2003 1754 342
2004 1420 1732 2375 3019
2012 3412
2018 751 1193
2020 5633 4465 342 3001 1087 736
2022 1942 742
2023 2984 5299
2024 3461
2026 1754
2028 3689 3411
2029 1598 4955
2032 1300 1087
2033 5450
2035 1087 1141 1754 1193
2036 647
2039 1754 2886
2046 2780 3412
2047 3001
2049 1351 4576
2050 5356 4465 3001 2394
2051 5450 1193
2053 2984 647 4465 3001
2054 2846 4858
2055 1193
2057 1193
2058 751
2059 4465
2064 5051
2067 2813 3412
2069 3951 2014 1193
2072 4275 4486
2073 342
2074 3951
2076 3771
2082 1120
2088 3691
2089 1193
2091 2846 4083 2246
2093 4644 5450 5784 742 1193 1754
2094 2813 2846 3412 1087 5299 2823 1193
2096 3951 1193 1119
2099 751 3411 2642 4631
2101 5356 1100 5869 1193
2103 4745 4465
2104 1754 2984 4465
2105 4465
2107 342 1193
2111 1450
2118 1193
2122 2813
2125 3451 1193 1351
2130 1251 4465 1193
2132 751
2135 1193
2137 1193
2140 4828 3730
2153 2175 3411 2642
2165 3951
2167 4465 1193
2168 4465
2172 5679
2174 1193
2176 5679 5316
2184 1273
2188 1273
2189 751
2196 2189 527 1193
2197 5450 2886 647
2201 751
2205 1747
2206 1351 194
2223 1754 4745
2234 4040 3411 1305
2235 751 3412 5784 2014
2251 194
2254 4465 4955
2260 1853 2984 2647 1087 1193
2261 4465 342
2267 5391 4839 4576
2268 2846 1754 3412
2271 1193
2272 194
2276 5391
2281 647
2282 751 5450 230 2859 3412 1193
2289 1732
2290 1555
2295 751
2296 2886 2984 2011
2300 3412
2302 1112
2306 2984 1754
2308 194
2317 3951 4955 1087
2319 2984
2320 2984
2321 5051
2325 5051
2334 3001
2337 2642
2339 1245
2340 4465
2341 230 2647
2347 1450 1273
2348 751 1193
2349 1775
2353 1124
2354 3412 1193 5536
2357 4955 1201 5309
2358 2840
2359 2846 305
2361 5097 423 623 3019 1087
2362 5060 1754 5299
2363 5450
2365 647 1193
2367 3331 1754 647 2859 423 1163 3019
2369 2984 647 5309
2374 4725 3001
2375 2984
2379 5450 1754 5784 1193
2380 2642
2381 2846
2385 2984 1193
2387 1119
2389 5450 2984 230 3951 3412 4465 3001 192 1305
2390 230
2395 5008
2398 5316
2402 423 4465 1732
2404 1351
2405 1112 1087 1351
2407 5450 1193
2412 1754 2780 1193
2417 2886
2418 1164 3771
2431 647 4465
2433 5409 910
2434 751 2984 647 4745 3019 1193 1087
2435 647 3019
2442 5450 647 1119
2451 4465 910
2453 423
2458 1754
2459 3589
2460 2909 5043
2461 1119
2463 5450 2642 4465 192
2467 2886
2468 1754
2469 2813 936 2984 5869 912 4831 5554 2189 3519 3001 752 2070 230
2475 1120
2476 1245 2984 3412 5945 1193
2482 3951 736
2495 1598
2510 2394
2513 4644
2515 5051
2524 2642
2526 1193
2528 2014
2530 647
2531 2780 5297
2535 2642 1732
2539 192
2540 2984 647 2394
2543 423
2549 5450 647
2557 929 1193
2558 4955 1119
2572 1732
2573 2813
2575 194 1450 1193
2578 1193
2581 5945 3001 2394
2582 2647 1193
2583 3691 1420
2584 2846 751 5450 2886 3411 5784 2394 230
2585 2642
2587 4631
2590 4955 5319
2591 1351
2592 3001
2593 1112
2594 1100 4275
2595 1747
2601 1087 3019 1754
2602 423 5784 5297
2603 168
2604 194
2607 4465
2608 4465
2609 1087
2610 3001 156 1087
2613 3951 1087
2614 3411 1273 1087
2617 1450 3951
2618 1420 3284
2622 751 3951 936 1100 5869 4725 5409 5043
2624 2984
2629 4931 423 1305 1193
2631 3411 192
2634 3019
2636 5784 192 5297
2645 1351
2647 1193
2648 4725
2649 2813 3951 4465 192 3019 1754 1732
2651 2886
2655 3951 1273
2659 2886 3412 194 1087 4124 2840 1193
2662 423 1339 1119
2666 4799
2667 1853 1163
2668 2886 1979 2059 1193
2670 1351
2688 3951 1245
2691 1754
2692 2984
2693 1273 1087
2697 3367 4465 3519 5087 1850 1596 3589 936
2702 5450
2710 751 3001 3771
2713 3390
2717 5784 3001 3771
2718 3019
2719 156
2723 910 4955
2724 3412 1193 5297
2725 1100 4725
2728 1193
2729 1853 4828 1163 5784 192 1193
2731 1302
2735 1087
2736 4465
2737 1424
2739 1193
2744 4465 5784 194 4828
2745 2017
2746 194
2748 194
2751 2246 194 1193
2752 5784
2754 3411 1193
2756 4725 1087 1193
2757 1112
2759 2246
2763 1193
2764 1732 5051
2765 5060
2767 1163 1193
2769 2886
2770 3390 5356 1446 5633 3019 2406
2771 647
2775 2014
2778 751
2782 4275
2788 194
2797 1732
2801 2886 1754 3412 1087
2802 751 4725 5051
2805 2246 4465
2806 192
2808 647
2810 2984 2406
2812 647
2813 4725 1193
2816 1754
2819 4461
2820 2642
2822 4465
2825 2846 1754
2826 230 647
2827 5450 647 3412 1120 1193 3019 1351
2829 2886 2488 1087
2830 1141
2832 1087 1163
2833 423 1193
2834 2394
2836 751 3028
2837 1193
2840 5299
2842 194 1112
2844 4446 156
2856 3411 5784 2394
2864 3412
2868 3412
2874 4446
2882 910 3158
2884 1732 5008 5051 1193
2888 4461 2780 3589 527
2890 4725 1193
2891 2846 4955 2189
2893 5299 1193
2894 5450 2813 1193
2895 5679
2896 4465
2898 5129 1193
2899 3422
2904 1351 5087
2905 3412 192
2906 342
2910 423 4725
2913 1087 2014
2917 4955
2921 5679
2923 1119
2931 1555 5450 647
2933 5309
2937 2780
2940 1979
2941 4465
2942 5129
2948 929 423 2897 2189 5784 1193 1754 1119
2955 4799
2956 423 194 1523
2957 423 3079 736
2959 5043
2962 2642 192 3019
2965 1273
2968 910
2974 423
2976 3412 1273 1193 1087
2979 548
2983 4465 5129
2984 1853 342 4475 2394 5299 1193
2985 1124 2886 4465 2394 230
2986 4040 423 2014
2987 5450 4465 2780 5784 1087 1193
2989 5043
3000 1273
3004 3284 5536
3006 194 1193
3016 3951 5784 192 2406
3017 230
3027 1450 4446 4955 647 2642 910 5299 3589 1193
3028 1305
3033 1351
3036 3412 1193 1754
3039 2394 2642 5679
3040 423
3041 423
3042 1853 3771 1193 5297
3047 1604 1119
3053 1550 1181 5129
3059 1193
3066 3451
3069 1273
3074 423
3077 736
3081 5043
3082 3411 4725 1738 5129
3083 4465
3084 5409 1351
3085 4828 3411 4597
3088 1273 3019 423
3090 2846
3091 1193
3092 2984 342
3094 2846 1300 1754 1163 3412 5784 2014 1193
3096 5409
3099 910
3101 2984
3109 3412
3111 3202
3112 4465
3114 2189
3115 423 5784 1181
3116 4828 230
3119 3411
3121 2394 647
3123 423 5679 3699 5299
3124 2271
3130 156
3132 5784
3137 647 1163 2984 1732 1193
3138 3411
3139 1193
3143 1351
3146 1018 2846
3147 2846 4810
3149 1351
3153 647 1193
3155 3019
3156 1754
3158 4465 1087
3159 4955 423 1754
3161 1446 1201 5129
3162 3367 1193
3164 3019
3166 751 1754 423 1193
3174 1193
3184 2897 2011 3412 3589 1193
3200 5679
3201 1087
3207 4465
3220 5450
3226 1450 5720 1119
3227 2840
3229 4576
3233 3951
3234 623
3235 3951 2886 3411
3239 3951 2886
3245 1273
3249 1193
3251 647 4465
3252 4465 156
3264 1087
3267 1754
3279 3461 3053
3282 236
3283 2014
3295 4831
3298 5316 192
3300 1120
3301 1193
3312 1305
3313 2886
3314 4931
3317 623
3323 4864
3324 194 5129 1087
3326 423
3327 5450 910 156
3329 1193
3334 1164 3284 5720
3336 3053
3338 1193
3339 647
3340 1351
3341 5087
3344 2984 5784
3345 5450 4810
3346 5450 5299 156 1193
3348 2984 3699 3591 3589
3349 2823
3353 3951
3373 1305 4446
3374 4810
3375 2846 4745
3381 4465 3589 527 1193
3383 2984 4955 1754 647 912
3385 751
3388 647 1777
3391 1754 4465
3398 1273
3401 156
3404 4955
3408 4799 5297
3412 1446
3416 751 1193
3419 1193 1119
3431 1245 1193
3436 5051
3439 3411 4256 1193
3448 1754
3449 548 4725 423 1450
3451 5679
3454 4955 3771
3455 1942 3771
3456 4955
3457 4644
3459 230 2246
3467 751 1777 2062 423
3474 2984
3476 548 4745 1420 423
3480 3591 2886 5679 3411 929 1087 3001 4799 1420
3491 1398 2189 5784 1545 1193 2361
3494 1940
3496 3367 163
3505 3390 5784 423 5297
3507 4465
3508 1087
3509 1112 5297
3516 2642
3527 4446
3528 1347 2886 3412 3028 4799 4810
3529 2846 4184 1754 191 1981 5129 736
3530 1940 1305 1087
3531 194
3532 548 3411