0 4741 183 230 5153
1 5654 1644
5 3470 4303 348 397 735
6 1754
9 1305 1644 145 2269
10 3181 5654
15 2946 5153 2030 397
16 3053 423 5043 58
18 3390
20 4303 5153 397
23 101
24 4303 5651
25 228 1450 3390
27 5875
28 1604 5875 3390
30 5654
31 5195 5654 3508 5153 5875 397 735
33 4741 183 3390 397
35 4588
38 2946 4303 397 5651 3390
39 5875
40 1732
44 2946 4303 397
46 5153 397 735
49 5153 2813 397 418 5481
50 4303 1302 5651 3390
55 5875
56 1388 58 238
58 5632 3390
60 1388 228 4955
67 838
70 423
80 5169
81 5875
84 228
86 3181
91 2946 1754 423
94 1420
97 2946 5394 5309 1302
105 2461 5328 5153 397 5481
106 348 5153 397 5947
118 1732 3284
132 5651
133 1945
136 3390 5875 4275
139 2461 4931 1450 4303 3508 1302 2647
140 5651
141 5875
142 342
143 1087
144 5875
148 1732
150 3435 228
151 1305 5651
152 5654
159 5875
161 4865
164 228
165 5153 1596
169 1945 735 5651
171 5875
176 5326
183 5153
184 5875
188 4576
192 101 4955 1100 4604
205 2846
207 4579
210 1754 5326
211 5153 397
212 5945 3390
217 910
218 1578
219 4813
220 4957
222 5153
231 2946 5384 3390
232 35 423 2647
233 1644
234 3691
238 1164
245 5178 2461 4741 228 2593 647 2341 5153 1644 418 5326
246 4303 5945
247 183
250 1305 5633
251 418
258 5875
267 5875
270 5654 348
271 1754
274 3508
275 3258 3691 238 5153 145 397
276 3840
278 2968 517 2946 1499 183 35 1424 5153 1945 735
281 2647
282 1388 4931 4957 5153 4310
285 4303 5875
286 5945
289 3730
296 4813
297 4865
298 2968 2315 183 936
299 4576 228 238 5153 418
300 2175
301 1424
303 1450 5651
314 1273 1018
317 1388 5651 3390
319 1305 5654
320 5875
322 1450
324 5153
325 2946
326 5577
328 1424 3730
332 5875
333 423
336 3435 305 4303 5153 397 735
337 2946 5153 5651 3390
341 1305
344 183 3549 4955
348 5654
351 5153
352 3435
353 5153 397
357 2946 5219 58 397 418
360 5654 5153 735
363 5875
385 5875
387 4303 5875
392 2946 623
402 3435
403 5394 5875
411 2062
415 2946 5654 1957
416 1424 4303
418 1604
421 1087
427 910
431 4813
432 2946 5153 397 418 735
446 1087 4955
449 4303 5153
450 5875
455 2461 4741 5153
456 397
458 3390
466 910 5875
468 1578 1945
471 3079
472 423 936 2984 418 4416
475 2968 3840 2315 5654 342
483 4303 1945 4955
484 423 4303 5153 58 5169
489 5309
490 58 5153
502 5153 1112 418 5481
504 1424 2846 5309 5651
506 1754 4955
510 2946
513 2946 3518
514 1388 910
516 3284 2968 5153 58 2030 1112 5875 397 2175
518 1754 5809 4303 5654
523 5651
525 2946 183 5195 3390
526 5875
527 4303 5875
529 2968 423 5153 2394
536 2946 423 397 5651
548 5153
553 5384 4955
558 5153 4955 348
559 183 410
560 5153 3011 397
561 4741 4303 58 5153 5481
562 4579 2461 4303
563 228 3112 397 5481
564 4741 183 4955
565 4865 183 228 35 623 1596 4828 1644
566 4741 183 4256 4303
575 2946 58 5153 397
577 5153 3011
580 5875
591 1424
592 1945 5577 423
595 194
603 228 3390
606 1087 5875
608 4303 1644
611 5875
620 1273
624 5875
626 2175
638 3390
645 910
651 952
655 4741 4813
656 3171
658 3561 228
661 5875
665 1747 397 3838
668 1754 3838
673 230
678 3171 101 3157 2759 5153 58 3011 397 5481 936 4310 838
692 228
699 2946 5153 5651
701 3435 4865 3011 397
702 5169
706 2175 4540 4957
709 5153
717 3171
719 1646
722 5654
723 4540
725 4446
731 3390
739 5654
743 5875
744 3561
750 1732
751 228 4303 3390
754 1896 5875
758 4741 1141 952 2759 2867 5153 1945 5651 397 5481
777 1644
782 423
787 1896 1202 695 871 5043 58 1302 418
788 58
789 423 517
790 3053 2946 5153 418
791 2946 2461 58 418
792 2946 517 2461 1450 495 4256 1523 397
793 58 418
794 101 3730
796 2946 2461 1062
797 5394 3691 838
798 5328 5326
799 1754 3691
800 3171 2461 1424 4741 5394 2759 5153 418 5481 5326
801 101 2759 4957
802 58
803 2946
804 1202 1273 1578 1896 5169 5326 4416
806 1424
807 183 5153 1945 418
808 4741 4303 5153
810 5394 2030 4604 101 1578 5326
811 2461 1450 4579 183 101 342 871 647 418
812 4741 5219 397 5481
814 3092 1747 101 3105 4416
816 101 418 495
818 517 5536 101 58
819 1896 101
820 1644 418
821 4947 1202 183 101 1140 3092 4604 418
822 418
823 145
825 517
826 58
828 5153
830 194 5326
831 101 517 1087 1644
835 5384
836 5394
837 5394 1087
838 1202 194 145
839 101
841 4256 64 58 3105 3730
842 4741 3730 838
843 517
847 58
853 1273 495
856 1833 1424
857 4741 2341 5153 4955
864 145
870 183
878 2946 5309
882 2846 4303 5536 1164 1087
894 910
897 1646 342
898 4256
902 3840 5875
904 183 4955
905 1100
907 1754
909 5875
910 183 1957
911 4256 3012 3390
912 4955
913 517
914 183 3549 4256 5394 410 3012
916 5651 3390
917 2968 58 5153
918 4579 2341 5153 3461 397 5481 402
923 2946 5651
928 5875 397
929 5875
938 1754 423 4275 4955
939 2946 5153 1945 397
940 4813
943 58
948 183 5153 1644 3838
950 2946 4957
951 4957 397
952 2946 3053 5153 397
953 2946 5169
957 4741 101 5651
959 4256 397
961 58
962 2946 5153 397 735
963 194 5153 5481
965 5153 735
966 5654
967 4303 5153 2647
968 2175 3519 5654 5153 5391 936 4416
970 2968 2315 305 1202 2076 183 936 1596 58 5153 397
973 910 5153 3390
976 1754 4256 3390
978 4955
985 1087 5651
988 5153
990 4303
991 1833 5450 3390 397 418 5947
993 5153 3011
995 5043
996 5043
997 5153
998 2946 3435 5384 3011 5651 418
1003 2946 5326
1015 4303
1018 397
1019 2946 5391 5153 58 5875 5169
1022 423 58 397
1026 183 101 145
1027 5945
1029 3435 1164 5153 58
1031 3053 5153 5875
1032 5153 3517 1087 423 3390
1033 1450
1034 423 2030
1035 4957 5384 5169
1036 4576
1038 5384
1039 3171 4947 305 1202 101 1112 1945
1041 4579 5178 4741 228 2593 647 2341 4303 2046 5153 397 418 735 5947
1042 2946 2341 5153 5875 397
1043 4741 5153 1945 1850 418
1044 3053 421 5153 735
1045 2341 5153 397
1046 517 4540 1087 5481
1048 4741 4540 5153 418
1049 1202 1112 1732 5481
1050 5008
1051 397 5481
1052 1754 4741 101 5169 2647 418 5326
1053 3171 4741 2121 5153 1555 1945 5481
1054 5481
1055 228 2593 3411 5153 5577 3011 735
1057 5394 1850 5326
1058 4579 5153 2030 4813 3730 1141
1059 517 2175 5153 397 5481
1060 2341 3011 397
1061 735
1062 3053
1063 4604
1064 2461 101 4303 3367 418
1065 4579 4303 58 5153 5875 1945 397
1066 1141 2867 5153 3040 1945 1112 397 5481
1067 3053 348 2341 5153
1068 2946 1424
1069 228 5875
1070 4947 4256 4741 183 2030
1071 58 423
1073 4256 4741 2759 5153 348
1074 2946 4741 397
1075 4741
1077 910 1112 4303 5153 5481
1078 4828 58 5153 4588 397 418 3838
1079 348 423 1302
1082 3390
1083 3053 2341 5153 397
1084 5309
1085 4579 1388 5686 5153
1086 5651
1087 2946 623 5394
1088 623 5875
1089 4256 5309 3053 4303 5153
1090 2946 2846 2461 1578 1425 5153
1091 145
1092 397
1093 4741 5153 1112
1094 101
1095 3171 58 421 397
1096 5153
1097 1112 1388 194
1098 5309
1099 4540 145
1101 2946 2846 3367 5153
1102 5153 397 5651
1103 3053
1104 2341 3390 5309 5947
1105 2461 5394 5153 418 5481 5947
1106 2121 5153 5481
1108 1164 4303 5153 3011 397 5326
1109 183 4303 35 348 58 5481
1110 4741 4576 5153 397 4310
1111 423
1112 517 101 3053 58
1113 348 936 1596 5153 2269 3011 418 735 4416
1114 1388 423
1115 4540 5153
1118 5153 4955
1119 2946 1945 397
1120 5153
1121 5153 735 4124 1596
1124 4957 1112 623
1125 228 58
1126 4947 1202 1100 5384 58 2030 5945
1127 5043 58
1128 5153 5875 397 5651
1129 5153
1130 1450 5153
1131 2946 5945 397
1132 1202 4955
1133 5875
1134 3993 5153 1945 5875
1135 517 5384
1136 4256 2859 4310
1137 5384
1138 2121 4540 35
1139 5875
1140 423 397
1141 3549 5153
1142 2461 4540 5875
1143 3053 5947
1144 4303 194
1145 4256 1450 5679
1146 4303 2813
1147 4828 58 5945 1425 397 5309
1149 5384
1150 2946 5540 5153 2813
1157 4256 5153
1165 1450
1172 1754
1176 517 5153 5875 397
1177 517 423 145 3390
1180 4256
1181 3258 1388 5394
1184 3390
1187 423 4579
1189 4579
1190 145 1420 3390
1191 1450 4303 5153 3390 5947
1192 1124
1194 2030
1199 5875
1200 3840
1202 3435 5481
1206 4579 4124 5153 418
1207 1202 183 3124 1596 1644 4604 936
1209 4303
1210 5875 4124
1212 183 5153 58 3390
1217 5153
1218 4597
1221 5651
1223 228 4303 1945 418 5651
1224 2946 3435 5153 5875 1112 397
1226 397
1227 5875
1229 5875
1232 3840
1234 2946 4955
1235 5875 418
1238 418
1241 5043
1243 1424 228
1244 517
1248 4303
1261 4292
1264 228 4955 3838
1268 4813
1269 3390
1270 2946 3261 354 397 5651
1273 1424
1280 4303
1282 397 1424
1284 1945
1288 838
1292 3390
1298 2030
1299 910 623 4955
1310 5875
1312 5875 397 5651
1315 5356
1320 5945
1321 1424 101 5875 5169 3390
1325 5394 5651 3390
1333 4303 5654 5632 397
1338 4955 3390
1339 2946 5326
1341 1754
1345 5875
1346 3390
1351 5654
1361 183
1363 1754 3261 5654 342
1365 2946
1366 1351
1370 5481
1374 2461 397
1376 3435
1379 397
1384 3470 1018
1387 1201
1397 4303 5654
1399 2461 3508 5153 397
1400 2030
1405 4303
1406 2946 5394 1981 5153 421 397
1409 4955
1410 752
1412 397
1414 423 397
1415 5875
1421 228 5651 735
1422 5043
1423 2946 1388 910 5654 3390 3838
1425 4931
1427 3470
1430 2946 397
1431 2175 1942 5651
1432 1896
1435 3470
1442 3053 1596
1445 5153 397
1449 4303
1455 4303 5651
1456 5153 3390
1458 3435
1460 2946 4303 423
1462 2946 3040 735
1464 3012 1450 4955 418
1466 5875
1474 423 4955
1476 517
1478 5651
1479 35 1302
1482 4931 4303 1945 5651 735
1484 397
1489 2946 623
1490 5654 5153 3112 418
1491 4303 5809 517 3367 1644
1494 5654
1496 2946 1945
1499 397
1502 228 5875 735
1509 423 397
1514 4955
1517 1388
1527 1754 5654 4597 5875 5651
1532 4303 3390 397 735
1533 423
1544 4597
1545 5875
1546 5875
1551 1388 1424
1567 3508
1568 2946 1305
1569 4303 5654
1576 517
1577 397
1579 3840 183
1586 1420 3390
1596 4303
1599 4303
1602 4931
1605 397
1612 1424 5651
1613 228 194 5195 4604
1614 397
1618 5219 423 5153 5875
1623 4303
1624 1754
1633 5651
1635 183 5654 5875
1636 5875
1639 5153
1640 4576
1641 5654 3472 1112
1643 2946 1100 397
1647 3435 1644
1648 5654 397 3390
1650 2946 910 423 4303 397 735
1651 4955
1652 4957
1654 5536 418 5481
1656 4955
1662 58 3092 423
1665 5945
1666 423 3519
1667 910
1672 5153 3519 5481
1673 4540 423
1674 5394 1201 418
1676 194
1677 751
1678 2461
1679 1141 5153
1680 194 5356 4957 397 5309
1681 3435 5153 418
1682 423
1683 4256
1684 4256 4741 1450
1685 5153
1686 1833 58 1014
1688 3053 4955
1689 342 348 1316 1242 4416 4604
1690 5384
1694 5875
1695 3390 4303 5153
1709 3822
1720 1450 5153
1723 1450
1726 2341 5153
1727 3390
1729 5153 4955
1730 2968
1731 5875 3838
1732 4303 5654 4955
1736 1242 1596
1737 2269 101 735 4694 1242
1738 936 2984 4694
1739 1833 1302 3390
1741 4275 4955
1742 936
1743 1100
1744 4741 183
1745 3171 4799 1087 5326
1746 58
1748 5651
1749 1141 3040 1945 5875
1750 5654
1754 5654 5153 58 1945 5875 3011 397 418 5481 735
1755 1604
1759 342
1764 101
1767 1644
1770 3390
1773 3840
1774 3181
1778 1202
1782 4303 4813 3390
1784 3390
1788 397
1791 4828 5153 58
1793 1450
1794 58 1014
1795 1388 410
1797 5394
1800 1550 3053 397
1801 5875
1802 183
1804 183
1805 2461 183 5153 236 3390
1806 5875
1807 2968 183 5391 3519 1644
1808 4576
1809 183 1942 4955
1811 183 4955
1812 4955
1814 910 183
1820 1754 183
1821 5875
1822 2030
1824 5153
1826 5309
1828 5875
1829 3390
1832 5654 1945
1833 397
1834 4303
1835 1302
1836 5153
1838 4256 2379 5875
1839 5153 1945 5875 4955
1840 4865 397
1841 4955
1844 5875
1848 5309
1849 1754 3112 5875
1852 423
1854 2394 5326
1855 1351
1856 2946 5394 1450 3519
1859 3012
1861 1754 1942 4957 5153 3461 4955
1864 183 5875
1865 1646
1868 5153
1870 5153
1874 4741 5651
1878 228
1884 5394 3367
1885 1754 5875 4955
1886 1644
1889 2175 3105 3390
1891 5008
1898 517 397
1907 4256 4303
1910 1523 5097
1912 4694
1917 5875
1918 4579 4576 5153
1919 3390
1924 4957
1928 101
1930 1550 495
1933 5633
1934 101
1940 2859 4303
1941 1185 4826
1942 1164 5875
1949 1732 3840 342 5153
1951 5153
1953 5169
1954 2946 1112 5875 397 5945 3838
1959 4955
1964 5153
1973 1388 4303 5481
1974 35 1124
1980 4576 4540 397 936
1982 838
1984 397
1990 5481
1991 2946 4576 5153 4957 397
1993 5153 3011
1996 183 4124
1997 3390
1999 228
2001 1596 58 5153 1302 2030 936 5627 1347 5326
2003 5651
2006 228
2010 3591 5875
2012 1450
2013 5153
2014 517 1087
2016 4303
2018 3470 5316 4579 2897 4083 397
2020 5654 5153 3011 397
2021 3435 3011
2022 3390
2023 2846 5153 418 3390 423
2028 305 5153 5651 5947
2029 1732
2032 4957 2897
2035 4303 5153 58 5875
2039 4741 342
2046 2062 1112
2050 4828 58 5153
2051 5153 1747 397
2053 5178 1754 1957 183 2897 342 4310 418
2055 517 1388 5875 838
2057 2175
2058 3157
2064 4741 5394 2341 145 5153
2067 101 35 58 4957
2068 5153
2069 305 5153 3390
2076 1302
2088 517 1953 101
2089 4303 2046 5153 397 5651
2091 5517 5654
2092 418
2093 2946 5394 517 2897 5875 5384 397
2094 101 4303 2759 5153 58 397 4955 418
2096 2461 101 4828
2099 910
2101 1779 5153
2104 4579 5153
2105 5153
2107 910
2109 3390
2111 4955
2112 5153 5875
2118 4256 5153
2121 1302 2647
2122 910 423 418 3390
2125 5153 623
2128 5153
2130 5875
2131 5178 5875
2133 4303
2134 3840 3518
2137 423 5875 5947
2138 4303
2140 228
2151 4955
2154 4865
2161 1302
2167 1754 5153
2174 5178
2176 4955
2179 1732
2182 4694
2184 194
2185 397
2186 4303
2189 423
2191 342
2196 1957 5309
2197 2946 1754 1388 5195 3508 1302 3390 3518 2897 1425 735 5481 3838
2200 517
2205 1732
2212 3390
2213 4303
2218 5809
2223 4579 5153 5481 1164
2232 517 1328
2234 3508 4694
2235 3040 5875 4576 735
2243 3435 1112
2252 5654
2254 58
2260 1185 2946 2461 2341 5153 397
2261 1754 3549 3367 5875
2263 1833
2267 5195 5633 1979 3390
2268 2946 423 1164 397 5651
2269 5875 4694
2270 4955
2271 5875 397 3390
2273 4303
2274 194
2278 1550 4303 5651
2279 2946 1087
2281 397
2282 2946 423 101 5384 397
2283 423 4540 3390
2288 5875
2290 2859 5651
2291 5043 647
2294 3390
2295 5153
2296 752 4303 3508 342
2300 3840
2302 5097
2306 2593 647 4303 1644
2310 1273
2317 4579 5153 1523 3838
2318 910
2321 1185
2322 5384
2325 5394 3157
2339 4579
2341 4576 1245
2347 58
2348 1754 4303 5651
2349 1087 4540 1981
2353 228
2354 2946 3390
2357 677
2358 1450
2359 2394 3508 418 5651 735
2361 58 4957
2362 183
2363 228
2367 3171 4813 2946 3258 5097 5875 397 735 5326
2368 3435 623 5384 5651
2373 1833 2897
2379 5195 5654
2380 418 5481
2383 1833 5654 397
2385 228 397
2389 2897 397
2390 4955
2391 5875 4694
2398 5651
2399 1112
2401 5153 1302
2402 2946
2405 5169
2407 2759 5875 397
2412 3461 4828 1242 4604
2417 5633
2431 5326
2433 1896 2461 101 4826 5875
2434 1754 517 5654 2046 3011 397 418 735 5481
2435 910 101 5169 2647
2436 4303 4310 2859
2438 228
2441 1424
2442 423 3390
2443 228
2451 5309 5153 1945
2463 4741 3053 4303 4588 5384 397 735 3838
2464 4741
2467 4741
2468 1302
2469 517 1833 1202 3053 397 5945
2475 910
2476 2461 2175 397 5947
2490 3284
2497 5875 5481
2506 5169
2510 423 101
2513 5875 397
2516 1450
2525 2461
2526 4741 5219 2046 3367 397 418
2527 2946 5947
2531 4947 4636 3053 3390
2538 2030
2539 5153 397
2545 4275 952
2549 5178 517 418
2551 4416
2556 4694
2558 3435 5097 735 4416
2566 1273
2572 1302 1273
2574 4694
2578 5153 5384 397
2581 5153 397
2582 5153 5481
2583 517
2584 2946 3053 342 3181 5153 397
2585 58
2586 145 5633
2587 2461 5481
2588 5481
2592 4947 4865 2070 101 2030 936 647
2593 3053 1732
2595 4741
2601 101
2606 5326
2607 58
2608 183 2070 4275 5153
2609 58
2612 4955
2613 2968 4947 1202 4303 101 1596 3367 145 5153
2615 2315 4303 1302 4588
2617 5481
2618 2175 3470 1305
2619 1578
2622 2946 2315 695 423 3508 5153 1302 4382 1945 4588 5554 397 4955
2629 2175 4540 1421 5195
2630 517
2631 4839 5153 5481
2634 5169
2636 2946 3730
2639 397
2649 2461 4741 101 230 5153 2046
2650 2394
2651 4303
2652 1202 3124 4303 1316
2657 5875
2658 4813
2659 3171 2946 4741 5654 58 4579
2662 3691 2341 1112 5875
2666 1833 421 4694
2667 5309 5394 238 1018 2859
2668 423 2946 4056 5651 194
2669 4540
2675 517
2676 1833
2679 5153 1945 5875
2680 3011 397
2682 3053
2690 4865
2693 5153 5326
2694 4540
2695 4579 397
2697 2968 2121 794 4636 726 5153 5651
2698 5153 3390
2702 2946 5153 3390
2703 5153
2709 5875
2710 423 5654 5169 397
2711 423 3435 735
2717 5219 1945 3390
2718 58
2719 194
2724 517
2725 5153
2727 423
2728 348 5153 5875 4955 3390
2729 5153 1945
2734 5043 3518
2735 4310
2736 5169
2737 2175 1779 517 4303 5875 397 4955 4694
2738 1523
2739 2946 2846 517 5384
2743 4955
2745 1424 228
2754 4256 5153 5945
2755 101
2757 3435 910 3470 5153 5651
2758 5153
2760 4579 2341 5153 397
2761 1388 4955
2763 3390 1302
2764 1754 5153 397
2770 2046 4741 230 418
2771 5326
2782 5875
2783 5153 2030 5651
2788 1112
2789 3412
2795 910
2800 1424
2801 228 5654 1578 2813 5875 1347
2802 228 5651
2806 1302
2808 5178 1833 5875
2810 1014
2812 4741 4955
2813 228 5875 5169 397 4955
2820 5153 397
2821 5153
2822 1087
2824 228
2825 1424 5309 228 35 4597 5651
2826 2897
2827 2946 5153 5169 397 4694
2829 2394
2830 5875
2832 2175
2833 4957 3390
2836 517 2759
2837 228 1164 5875 1424
2839 5384 5097
2840 2030 1957 3390
2843 423
2844 418 5947
2846 1450 4303
2849 2946
2850 4576 4957
2851 5153 4310 5326
2856 4303 3053 5153 1945 3390
2864 1833
2868 58
2871 2859
2882 5153
2884 5153 5633
2885 910 5654 5875 1100 4694
2886 4694
2888 517
2889 517
2890 2946 1388 5651
2891 3840 397 3390
2893 228 5654
2894 5875 397
2898 4741 5043 5875
2899 2946 1945
2900 4275 397
2901 5651
2902 5875 4955
2903 397
2905 5410 397 5309
2911 4303
2913 5394 4275 423 3470
2921 4694
2930 5153
2931 517 3508 4957 2231 1014
2933 342 4124
2934 3367 3508
2941 5153
2948 4813 5309 228 328 2858 2231 3079 397
2954 4694
2956 4540
2957 2030 5651 1646
2959 1604
2968 623
2974 5651
2976 1779
2981 2813
2982 5679 3284 5195 5651
2983 58
2984 4256 5219 3470 1450 5153
2985 1945 397
2986 5153 397 2175
2987 2175 1388 4303 5326 3390 5947
2988 1112
2989 423
2990 5481
3004 4957
3006 3258 1112 397
3016 2946 183 5153 397
3018 3840
3027 4741 58 2030 2231 418 5651
3028 548
3033 1273
3034 423
3036 1388 1242
3038 5153
3039 2647 397 5651
3040 1945
3042 2946 3390
3043 228
3047 4579 2030
3053 4303 5394 101 5326
3059 397
3066 4303
3068 342
3070 397
3071 228
3076 5153
3081 2461 5945
3082 101 2030
3085 2121 4741 58 5554
3089 397
3090 5195
3091 3181 3390
3092 5875
3093 4256 5875 1424
3094 2946 3530 5875 397 5945 5947
3096 2231
3101 1644 4955
3105 2030
3108 5153
3109 1450 5153
3110 3258 3367 5875 3011
3113 3390
3114 1732 1202 910 4579 1550 423 1273 4588
3115 2461 194 4741
3116 5153
3121 5651
3123 2231
3126 2946 1450
3127 1896 421 4694
3132 423
3135 5153
3137 5153 5651
3138 3011 5651 735
3139 5654 5875
3143 1273
3145 1833 5875 4694
3146 423
3147 1754 1646 5875 354
3153 423 4957 2647 1087
3155 58
3158 517 101
3159 58
3161 397 5651
3162 5153
3164 228 4416
3165 2687 2231
3166 2030 1164 5875 838
3172 5875
3173 5730 3390
3178 4955
3182 423
3184 5178 517 5153 5875 5554 397 5481 5947
3190 5153
3194 5153
3196 4083
3201 228
3209 4957
3211 5540 3053
3217 3367 3390
3220 3181 5651
3221 3181
3226 2030
3231 1112
3235 2968 2315 183 4303 101 517
3239 2315 3124 4303 35 4588
3249 5153
3252 1087 418
3256 194
3264 910
3267 2846 1424 735
3271 3012
3273 1302
3275 2175 5875
3277 5481
3278 3435
3279 1578 5875 4310 3390 5947
3281 910 1112 2030
3292 5481
3297 3011
3298 5875
3301 423
3307 5309
3308 101 2246 1747 5875
3312 228 4303 5481 4694
3315 1087 2030
3317 1388 228
3318 5169
3322 3390
3324 495 3284 397
3327 4056
3329 1394 1242 5326 1732
3333 1273 5445 423
3335 5043
3336 1424 495
3339 2231 3691
3340 194
3341 4839 2030 3390
3344 623 5178 1754 183 2231 1328 4955
3345 1302 4382 397
3346 4813 5178 5875
3348 2231 5875
3363 4303
3373 3470 2394
3374 1953
3375 2315 2231
3376 228 35 4955
3378 423
3380 423
3381 1896 2070 3124 4303 1316 4275 3519
3383 2461 2341 5195 5875 418 5481
3384 2030 397
3388 2271
3397 4303
3399 5875
3401 4828
3402 4741
3408 5043
3416 2030
3419 1424 228 4745
3424 3730 418
3431 623
3436 4576
3438 228 2030 3079
3439 2946 2840 2030 2231
3443 228
3445 2246 2030 5384 5651
3449 2231 5097 421 397
3450 2341 2813
3451 4957
3455 4955
3457 2461 4576 5043 58 418 5481
3467 5394 1424 3390 1945 2231 5651
3476 2897 3530 5195 3461
3478 5481
3479 2231
3480 2946 1120 1754 2315 228 5195 3508 2030 5875
3483 1646
3490 228 5153 5875
3491 4813 2946 2461 5309 3261 3549 58 2030 3461 2231 397 735 5947
3493 5195
3495 4813 228
3496 4813 1646 726
3509 5043
3512 423
3523 228
3528 3258 2946 2315 228 3530 4303 5195 2030 2231 5875 5651 4745 4416 5947
3529 3258 228 4540 1202 2030 2231 348 5651 4310
3530 5153
3531 2030
3532 1388 1202 2231