0 1259 3418 4813 3831 3686 391 2040 4476 828 5017 2879 1201 207 698 1555 3840
1 3418 3766 4608 203 1610 1326 1529 1087 5603 1086 4275 91 4476 1732 2194 1709
2 587 839 1050 4609 726 1610 3686 1087 5571 1086 1644 91
3 5317 720 2091 5302 150 2389 3117 227 1646 4788 4751 698 1578 2358 2238 4605 1722 5061 2056 3330 958 4077 158 73 3310 1953 933 3094 4476 1448 1504 1086 1446 5970 35 1999 3524 479 1700 3938 75 1406 2426 194 438 4832 2488 2967 3072 1087 410 5823
4 1732 67 2840 3049 1087 677 1242 2426 933 4608 1997 5274 4605 2488 1644 1700 4476 4706 4832 5170 4645 1450 2194 1078 158 1389
5 2840 2546 1499 1747 4609 5785 936 4832 4476 2879 933 3418 4608
6 952 3510 1242 5619 4813 3686 172 5673 203 1140 1860 2807
7 1518 936 933 1999 2755 1714 1457 4813 751 4598 4061 698 1646 2543 2626 1412 329 2546 3418 1504 4706 1086
8 1050 2130 828 2194 91 1560 2755
9 1504 1316 2879 936 638 2062 4813 172 241 4476 1864 933 207 1050 3766 2238 2755 5017 698 1610 1888 1457 670
10 2626 2194 3766 2426 1560 1087 203 4476 726 2755 1326 3730 3418 839 91 1050 3686
11 4275 410
12 587 638 203 726 4077 2477 1883 4446
13 337 5448 2879 1499 1997 1560 4476 1504 91 2755 5735 4077 4829 4608 1087 3256 677 1086 2626 410 1583 5017 4602 1259 933 3418
14 726 3686 5634 839 3418 91 1560 423 3766 1300 1610 3426
15 337 5017 1811 4476 1504 1583 4061 4271 1086 4608 236 933 698 3389 2879 1499 67 4077 3418 4706 5448 203
16 2194 2426 5331 3481 91 1448 638 1050 1709 1610
17 1450 839 91 2105 3325 3389 2426 5385 1050 4977 3766 1087
18 1446 203 933 4706 2543 1259 720 4077 726 1087 1450 1050 3052 4589 270
19 1504 1499 1086 1259 677 3418 4515 2755 4602 4476 1583 2780 698 3686 67 4124 726 203 1368 933 839
20 2194 4476 1999 3507 150 2241 2879 2840 2488 1646 2461 4829 1163 2626 3418
21 5051 936 587 3822 2778 4124 148 4608 270
22 2626 4602 67 2238 2807 3418 726 2105 203 318 1850 4476 1560 3256 2967 1504 5051 1210 4608 933 342 698
23 958 2879 1259 172 978 194 1775 5274 2769 4077 3123 223 720 4602 1050 1716 936 1865 1086 1078 3385 828
24 958 1050 4083 1979 677 1087 4800 1888
25 1050 1709 91 677 1610
26 2238 698 4813 21 3686 1997 337 1087 342 3418 638 4515 933 1610 5051 2755 513 1504 2780 2879 5017 203 194 4602 1850 3256 1929
27 3094 1259 3418 1227 2194 1747 1865 1163 1999 1086 583 933 1050 1888 958 64
28 5810 168
29 5170 148 4608 2461 786 1078 4385 3325 4476 5051 263
30 5603 5385 4608 91 1050 1929 677 4275 3052 461 2105 1504 2194
31 3418 4256 1446 4591 3481 1087 2867
32 1610 2461 1326 91 2194 1709 1644 677 1940
33 4476 1811 3325 958 1997 3744 5170 638 2194 64 2879 3766 839 1888 2755 1578 1087 1326 1610 194
34 91 5385 638 5331 1087 1709 2194 3052 203 1610
35 3052 3408 677 2194 4124 958 1326 91 1050
36 5810 3052 1888 1529 1050
37 3507 677 2194 410 1446 1811 1050 3310 3766 1644 1560 839 91
38 2194 481 2056 2069 3418 2096 3330 936 5274 1420 64 223 4832 4061 2805 1164 1086 203 158 5603 91 1646 4077 845 4813 4476 4622 1421 958 1500 1078 1529 2426 1775
39 933 1086 1999 4077 1500 720 4476 1883 1018 337 3686 638 5051 1050 2669 1202 4446 1957 3766 148 2238 1259 726 1529 1779 845 583 270
40 1163 194 5051 2755 3822 839 150 4061 2270 2879 1450 67 587 4608 4476 978 64 1709
41 4385 1646 3819 4446 2626 130 1086 3418 726 4003 203 677 1560 1529
42 4077 5448 4476 1504 677 2906 638 5072 2626 726 4385 3686 203
43 1732 839 5017 4589 2187 2543 5411 1450 2687 709 5603 936 223 3357 3418 3049 67 691 2426 1615
44 2967 258 1457 4476 2879 2546 698 4061 3819 3123 4602 342 4515 207 936 2780 1050 3418 4608 1850
45 4541 1087 677 698 1050 461 203 2879 839 91 2755 1560 1086 1860 73 4829
46 3766 1560 1087 91 3624 203 3418 1050 677
47 1201 5537 2669 1457 5634 936 1050 3409 828 3822 933 1747 1644 4813 172
48 91 2867 3257 4385 1457 158 677 1086 1078 1977 5220 958 3730 3418 1087 1732 5411 933 828 4476 936
49 123
50 5385 5098 839 2769 3819 936 4061 5051 933 3588 2358 2194 1646 1450 4083 1700 4476 5673 1997 150 391 158
51 5051 1504 1353 5017 1981 583 936 933 73 2683 207 2910 786 4476 1087 3418 1141
52 4515 1259 4602 5448 4446 64 1141 1646 677 337 638 1529 203 1086 3418 698 1504 4541
53 2683 1529 587 207 1050
54 1883 828 1504 1201 1259
55 150 1420 2840 2096
56 2040 3418 1087 933 1940 172 2978 3686 1911 2984 2755 1050 2014 2104 337 4609 5331
57 4518 698 1779 933 3686 1596 5385 3766 401 1201 5331 936 1389 2640 4385 5017 2840 4589
58 1722 1833 751 4083 194 933 1529 4476 5094 4077 1615 3481 978 3507 1811 3385
59 936 1050 1353 1086 4385 3418 933 194 3766 1500 1242 1529 1490 1610 4077 337 2635 258 2105 5094 958
60 4476 342 936 4083 1775 933 3123 238 958 423 4068 2879 1850 1368 4608 1078 1888 330 2807 2780 194
61 3730 5810 1644 5603 5017 1779 638 1883 4476 5448
62 207 4608 3418 4256 1490 513 2879 1078 1850 2238 126 936 3052 1610 4476 342 2593 677
63 4476 1997 587 203 4813 5017 2879
64 194 978 423 677 1929 4608 4271 698 4476 158 751 5017 4518 1850 2807
65 3624 330 933 745 4083 236 5619 1446
66 1888 4083 3481 3507 4476 3624 2755 1450 933 3766
67 123 1050 4829 1078 3766 2879 5673 2683 1086 4061 4602 3418 4124 1450 5274 936 1779 2546
68 958 2879 2477 1940 1450 2358 238 3180 1779 3938 1421 3545 2642 75 2877 583 2635 1242 2488 4706 158 1978 3325 3389 1086 438 2755 2687 2105 3501 172 936 1406 726 3507 4751 2669 1050 2408 2238 1078 3257 2528 1722 207 3524 5603 3330 638 1448 3819 2924 2668 2426 2771 4800 1560 4602 2813
69 3039 4598 4832 677 958 1078 933 1644 2394 91 4083 158 1545 1700 3790 610 3507 936
70 1732 1779 172 5411 670
71 2879 1732
72 91 337 1610 933 4077 2879 64 1389 2593 1732 1888
73 3052 1888 4083 91 4256 1610 1732
74 3790 2488 4077 4518 3310 3325 91 1259 677 4083 2014 2375 1615 337 1078 64 2792 2113 2115 3418 423
75 4977 3126 1940 1078 1968 1779 2879 1499 1504 958 4476 677 207 2488
76 3822 1997 726
77 1210 638
78 677 4476 150 1646 2879 1529 423 330 958 2543 3310 933 1389 5017 4602
79 4124 933 91 1450 1615 1888 1610 4083
80 1811 933 64 1610 751 1087 4832
81 2104 5072 2626 4476 4385 1259
82 1259 1316 3501 1087 3822 4977 1504 4609 1644 933 1086 5823
83 936 2792 4476 236 91 330 4608
84 1811 1259 2091 5017 337 933 5785 1499 4829 4608 207 2879 1087 1529
85 223 2984 2840 1086 331 2488 207 726 1499 958 933 1163 270 1078
86 5051 4832 2238 2879 5810 933 342 2593 330 4083 4608
87 933 3507 203 4813 1883 4829 1504 5017 1086 1087
88 148 4476 150 236 4608 677 3481 5571 1779 2879
89 677 1779 3481 1997 3052 4977 2461 2488 4476 1389 1504 1604 2755 158 1529
90 1490 933 4476 2014 958 2593 1389 4256 4800 1615 3731 423
91 933 958 2792 91 2104 3094 4083 677 4977 1747
92 2238 1086 4598 933 638 1555 2879 958 1968 2105 150 1087 337 1504 583 4829
93 3507 2755 337 1529 2917 1450 1412 4077 5731 1615 150
94 1610 3507 1732 1259 4605 337 1050 4832 1615 936 1700 1888 2056
95 933 126 4476 1078 677
96 4706 1087 337 4832 4515 1086 342 4589 1210 1050 203 1504 933 5017 2105 1929 1732 3840 1850 4476 5051 207 4061 1747 2801
97 5731 4608 5017 2879 1050 736 2807 4476 4256 3257 1078 4061 933 3730 5051
98 3310 4518 5051 1747 4608 751 2807 2238 677
99 337 5970 3822
100 2104 1259 337 2626
101 828 1604 1087 2546 4813
102 4077
103 1883 1999 720 2238
104 4608 2813 992 2187 583 64 4811 2270 2879 2426 2461 2488 3376 158 258 172 845 5731 1040 1504 1490 2867
105 2879 4602 3418 936 3730 828 5017 3123 4061 2238 1504 1747 1529 1550 1201 1086
106 2543 5603 2840 1883 4813 1086 1050 1353 2669 203 3840 3686
107 936 677 1709 1888 1450 1850 1929 1940 4608 2792 3325
108 203 1259 1811 4446 2243 1747
109 1504 3052 1957 148 3385 3418 4609 845 1560 1888 5155 1086 4990 3840 5017 1259 4476
110 958 3257 1779 91 933 677 4608 3094
111 3428 4813 4589 828 3691 2906 1119 1504
112 677 933 1888 4608 342 5785 203 3744 1850
113 4608 1078 2879 3052 330 1504 4832 2238 933 5411 958 1615 1389 342 1529 2807 1412
114 1450 5331
115 3822 3501 1504 2506 2813 1086
116 1259 1504 207 4476 3094 5017 845 2194 2879 1457 933 1389 5571 1977 3730 1888 958 2755 3126 1499 1604 828 1078 2241 67 978 4608
117 330 207 4476 2593 423 337 1332 936 1389 4256 2879 677 1529 3790 4077
118 91 1888
119 2807 342 677 638 1850 2879 5051 1529 3744 2967 337
120 91 423 2115 2917 1529 936 933 1412 1086 958 5017 2593 4476 1610 4077 4256
121 1610 3730 318 4476 145 452 2790 4938 139
122 1389 1888 410 4068 423 4083 1078 1086 958 3418
123 1529 330 1504 583 933 1163 726 2755 677 3325 2780 638 1078 1050 2879 452 337
124 1457 410 1850 3819 2879 4476 698 3123 936 2910 933 1504 4602 207 4608 992 1560 5017 4515 3418
125 2394 1610 91 2593 677 64 607 1086 3325 5619 1615 150 4518 936 1259
126 4608 607 677 4083 91 3094 933 64 1615
127 828 1646 1722 4602 158 3418 4608 4476 91 64 677 5785 2546 4068 207 2879 3766 2967 2867 936 3730 1490 4813 4515 3256
128 1646 337 828 3411 2769 2546 5051 1259 2593 786 2238 2683 4061 933 207 5603 5017 1999 4476 1457 2867 1078 236 936 3039 677 2194 2669 845
129 258 1078 1529 3428 1604 1999 150 1164 1087 3481 1504 2840 2879 203 587 1644 2626
130 4645 933 3325 5331 3507 2194 2238 936 1578
131 4515 2241 91 4977 1968 4518 1747 677 4476
132 2546 230 4602 2593 4476 331 4695 1490 5220 4256 4124 2592 513 936 933 2879 3123 4608
133 1523 3409 5082 91 677 330 337 1389 5051 1615 3766 64 4645 1490 936
134 2426 1259 3418 4476 2408 5571 2358 839 2546 2056 67 223 5274 3094 207 4605 158
135 726 1210 1201 2778
136 4476 410 1504 2778 2375 3822
137 933 936 2792 2488 1615 3325 91 2194 958
138 5603 1968 1504 4608 3052 4275 1747 2879 5094 1499 2241 3481 236 1811 4476 1529 677 1227 933 2755 2488
139 2978 2807 933 3822 4602 64 1389 1529 3686 1259 1850 207 4813 4518 1646 203 2778 1050 1596 1711 936 2626 1446 1086 2096 3418 5810 1888
140 933 1504 3418 1883 726 203 4077 1201 677
141 1929 194 5017 4476 4591 1087 1888 2683 2840 1504 4977 2879 587 677
142 677 3418 933 4275 1888 1610 64
143 203 933 5448 5017 638 5094 1504 3123 2040 1888
144 1078 3325 330 4083
145 3460 2879 1997 1078 1412 1504 150 1490 1529 4476 2917
146 677 461 3507 936 1615 2879 4077 1888 2115 3325 5619
147 5017 698 3501 769 1086 2879 3256 1977 337 670 207 203 1500
148 1779 1078 194 1811 1389 1529 677 64 4068 5170 2879 5274 2593 978 423 2238 1644 1086 1217 1316 2461 936 91 4476 1615 330
149 1389 3072 1500 933 337 2238 2488 4832 4275 4446 3481 270 3011 1164 194 2194
150 1450 1888 2115 4068 423 3325 933 4256 337 2014 2593 1615 4476 958
151 5731 958 933 4256 4476 1412 1610 2394 2593 1490 936 1389 677 845 1646 2917 4608 1421 1078
152 4813 677 5810 410 203 4446 5072 4829 2546
153 1811 1560 5155 828 1504 677 203 1448 5603
154 1446 3481 936 2792 1888
155 4083 1389 2917 1523 3052 2807 1504 330 1086 2879 1850 1545 1811 1929 936 4476 1210 677
156 150 2014 207 2879 2840 1389 3418 736 1078 1732 2917 423 1412 2593 5017 4077
157 4167 933 4608 330 1888 677 2917 936 1615
158 1050 1087 73 726 4271 5810 4829
159 1086 139 3840 203 1412 2158 1883 1457 1273
160 3426 91 330 1888 933 2807 4083 1850 1504 936 2879 958 2238 677
161 330
162 3822 3819 4385 1646 1086 1457
163 4083 1610 4518 936 3481 3126 1860 2792 3744
164 4977 677 258 4077 5051 1560 5448 3517 3418 3507 2755 1999 4476 3052 1163 5274 150 1504 1259 3325 5170
165 1979 4077
166 958 936 2488 4608 3691 677 2879 1615 91 1389 3052 1050 1078 1888
167 4832 5017 2683 4077 1057 172 1714 1086 720 5051 3123 1078 4061 4476 5094 3418 3385 1560 1881 1457 207 2592 1500 2546 2867 1050 1499 2158 828 2593 933
168 2755 4608 1610 2426 5017 4602 2640 2626 1087 3325 337 677 4706 698 203 3418 1259 1747 1499 1086 1709 2879 5331 933
169 172 2158
170 207 2546 5155 4384 172 828 2780 1732 4271
171 2755 3094 2194 1504 150 1163 677 1529 207 182 5170 958 1259 2104 1779 4271 2241
172 4476 5017 4645 1259
173 172 3201 4814 4515 3091 1860 1241 331 4003 4783 3052 1864 2925 5088 3691 3217 1523 2755 936 1529 5051 1545 647 1217 5970 3766 126 1957 1850 5518 3819 3421 5537 4977 486 1711 838 2867 2104 720 517 2091 2069 2062 5619 1457 2021 709 3481 1050 217 995 4082 745 4680 2906 3283 5044 3299 2771 670 4275 1124 1958 292 1888 4813 773 2408 5331 1421 3418 2271 148 3749 2879 4591 691
174 2910 1490 1504 3840 933 203 4829 5017 5155 1050 2105 4755 1529 4003 2669 1259 1201 828 4813 172 587 4476
175 5017 1883 1394 1811 5155 4706 1646 2238 1119 4515 1504 2461 4271 2879 203 1529 3418 67 3744 726 1050 4476 495 1499 1086 3790 677
176 1087 2241 5411 236 3481 4977 1504 1888 2879 1086 677 3686 1499 3418 150 2755 4476 5017 1259 5274 2488
177 203 4061 4476 933 3428 172 1259 2755 4800 4813 4385 1499 698 1860 726 410 5448 3418
178 1888 203 1978 933 530 4003 548 3790 5331 2967 2358 1457 3310 437 172 1406 1811 64 4083 5537
179 1578 2194 933 1644 2104 1529 1732 4476 150 2488 2755 3507 1888 461
180 5810 936 3744 337 1779 1578 1888 677 1446 194
181 236 330 2115 1644
182 4476 3744 3840 4077 1610 698 2879 1518 1732 4515 1448 1583
183 1086 677 828 5017 1560 1860 1259 1529 1504 337 698 2879 1997 4476 1499 1646 933 2104 1779 5448 203 452 726 3517 1811
184 1259 318 2819 1504 1062 2021 2755 481 3510 2669 1700 1457 1747 5331 1078 1997 5673 3730 4608 2426 1040
185 3819 91
186 4608 4602 91 1646 1389 2967 4515 1610 638 4518 5785 1775 452 64 337 4476 5810 207 1490 936
187 330 2593 607 91 4608 3481 677 1610 958
188 1086 337 3325 452 1811 2593 207 91 4608 1615 1977 751 1087 4083 330 1529 677 1779
189 2807 1389 1888 2238 5051 5274 4476 513 4608 330 230 342 677 3052 1529 2879 1078
191 2488 236 933 1078 1888 4083 607
192 4518 4476 1529 3822 337
193 677 4083 91
194 4083 2780 677 1050 4446 1999 2640 2906 1421 2528 4602 2755 845 5017
195 3686 2593 3608 978 150 2879 936 1615 1711 194 1389 2978 2840 1100 1850 64 91 3646 1646 773 5970 1242 2115 3201 4476 2807 3683 3217 958 172 1412 677 1078
196 4476 1779 4518 203
197 4083 751 330
198 1086 203 3418 4476 5448 4271 1646 2626 1775 4515 1518 1779 1259 337 1968 677
199 73 4061 4271 1086 1504 203 3822 1860 1997
200 2194 1504 748 4608 2879 933 3766 1583 1811 4476 91 677 342 4515 4077 5810 1888
201 1504 410 3257 1529 1259 5603 4476 3766 5785 5634
202 337 821 4598 1850 3460 2192 2967 936 4003 3744 1888 2096 495 2450 1596 3608 3646 1775 1100 677 5365 4518 1242 2238 1087 4622 4608 3201
203 698 4271 4515 5017 3357 2241 1086 677 2879 4476 1050 4385 3123 207 1504
204 207 3418 5785 1504 3460 4608 3766 5537 3822 726
205 4476 1610 1389 1646 1504 4515 4608 4602 1977 677 1555 2755 936 337 1529 64 1201 3426 1888 423 2967 5810
206 1775 4385 1999 4271 5954 1050 172 1499 203 5017 1412 1273 3822 1259 194 4589 2241 638 4608 2879 1086 1646 4476
207 698 4602 1732 4515 337 726 933 2755 2014 1560 4476 677 203 3418 1610 5274 1087 3686
208 1644 4518
209 2813 3418 3790 1850 1490 2879 3507 203 4515 4476 2640 91 1504 2755 337 3257 354 4061 698
210 936 64 3325 258 3256 4602 677 5619 207 845 2593 203 698 2546 4077 1646 4476 2238 5017
211 4608 2755 5641 4518 5051 1210 337 1888 1929 203 1446 2879 1850
212 5785 1504 3766 423
213 1050 1722 2241 64 828 2771 1119 337 4518 3822 1504 2780 1389 936 4476 4515
214 1850 2021 2091 936 3608 698 1529 1888 751 1596 3686 3749 1119 3646 2807 21 5017 207 677 203 4476 4602 172
215 1644 1389 2780 2546 3507 5017
216 3822 1086 4476 1646 1732 4518 423 337 3501 2755
217 203 698 2771 1850 4608 230 91 2879 4602 5051 1389 2238 4515 845 677
218 91 2056 3418 4938 1929 782 1811 3123 1700 158 4476 677 1504 4605 337 4608 1610 1722 1529
219 3481 1529 4446 2105 4829 5810 2056 5732 1700 5448 4832 1732 148
220 1086 2879 1062 4476
221 4608 5170 1389 2104 3822 1259 839 1504 3325 2879 4077 2755 4476 1646 1078
222 4068 1529 2241 1389 126 2879 677 1888 207 3052 1259 2792 936 1779
223 4605 677 2840
224 677 2879 2543 4695
225 1560 3481 4829
226 2115 2683 3325 1087 1610 1259
227 677
228 517 1078 2840 3418 3052 3408
229 1610 3744 2807 3052 839
231 2755 2426 1040 1086 4275 3310 3052 4645 91 5170 1504 1700 1888 4605 4622 3016 2358 2241 4476 148
232 1450
233 2840 2984
234 168
235 2984
236 4813 207 203 5017 698 3822 2375 1085 5810 1086 3622
237 5317 4608 3481 3389 3180 3330 158 1087 2668 2238 4087 139 1406 2755 4083 2426 2778 1793 1062 2807 698 1999 1978 527 91 2096 2894 75 1896 1881 4577 5603
238 1529 1163 2488 1259 1086 958 3840 3418 5411 3686 2840 2426 5448
239 2158 4077
240 936 1615 1412 3052 2635 64 1078 2115 91
242 1504 4476 423 2241 495 1968 1779 4602 3439 3418 1529 1087 3507 5327 207 2130 4385 677 1610 1300 2687 126 2801 5448 2096
243 4271 839 1610 91 4476 4602 4598 148 1732 845 5448 481
244 1078 1981 4476 3766 126 2879 4602 936 4589 3039 5051 2546 207 1086 3123 2069 583 2683 828 5017 3126 1457 2867 2593 2488 73 1050 3418 4829
245 1850
246 3409 3418 207 2040 2105 331 73 375 4476 3123 2867 2755 5446 1999 3507 958 4256 2858 736 2592 1977 936 5051 1523 4813 1646 2910 1420 1078 1457
247 1086 270 2840
248 4605 677 330 4446 1732 1448
249 2840 4083 1450 223 5732
250 1446 1940 1087 1644
251 677 3052 1504 1578 1888 1394 2771 1610 1529 1850 5051
252 2840 933 1087 5331 677
253 5673 126 207 3283 2840 330
254 720 1450 4977 1560 1078 2984
255 1490 2903 91 1615 3507 4476 2780 1529 1412 1646 1981 1078
256 4829 2984 736 461 3385 720 2778 1883 1450 2105 1421 5331 4793 1523 2840
257 4695
258 73 3385 1504 839 5094 1888 5603 330
259 207 2867 5051 2910 4813 4476 936 3123 587 4602 1999 4256 2069 4124 126 933 3418
260 4977 4476 2879 1078 1529 150 2840 5170 3126
261 1610 4077 1578 677 3052
262 677
263 1050 1259 1700 677 91 2642 1529
264 933 4476 126 3766 1078 1888 91 1529 958 423 4256 936 677 207 2780
265 1604 2840 3052 5411 1529 1086 1888
266 5448 4541 2910 2683 194 4821 1881 3686
267 5331 75 207 1049 4476 1523 1610 2813 3481 438 821 1389 3039 958 1711
268 4083 1644 330 1050 2640 3325 3408 91
269 411 3052 4384 4476 200 1087 2879 3481 4275 5448
270 1523 933 1888
271 677 751
272 677 4476 2755 207 4602 933 1446 67 1732 1448 2984
273 1977 828 587 698 158 1504 4602 2755 4605 677 1259 4515 4476 4608 1860 2358 933 1499 2241 203 4832 1086 2238 3418
274 1086 1888 1578 3481 1560 461 5170 698 2488 1610 4977 3052 1529 2241 4476 1389 2194
275 1086 3481 1529 2683 5331 2546 3469 2879 4476 337 3819
276 3256 1864 3766 1610 839 587
277 666 1811 5017 4602 3819 91 2642 4832 5051 4608 342 2426 677 2358 4706 2238
278 1050 677 4077 1646 1732
279 3822 158 4515 2056
280 1529 1560 1450 4476 2840 1883 4602 933 720 2683 1087 1929 3418 5411 337 2194 1779 5017 1050 1646 3744
281 1604 1119 677 1529 1424 2840
282 677
283 958 5619 1163 1999 3686 1888 1086 751 1504 3501 4476 587 145 1259 1087 2879 4077 1529 933 839
284 3418 517 952 23 5537 2867 2070 1888 2807 1529 3749 5735 1596 3310 5385 3123 1163 2683 1711 1850 4589 172 1732 148 1881
285 4476 2917 742
286 3015 148 3052
287 1811 4608 4622 2445 4605 194 91 2792 461 1700
288 3426 1850 5051 3052 5331 4541 5954 194 1953 4476
289 2967 677 1424 2840 4476
290 1389 4476 5051 2879 3481 4077 1999 150 2840 1259 5829 2626 1578 67 5171 207 1646 1529 1499 5274
291 2238 1259 2635 2056 677 2426 1732 91 5051
292 992 4645 677 5411 1446 1529 1504
293 2668 3180 3091 5327 2528 337 698 1529 2238 1425 75 2096 3481 3683 1940 236 1811 936 928
294 698 1644
296 194 4083 423 1259 4977 936 2792 4476 677
297 1732 2840
298 3588 2840
300 1709 1615 936
301 2780 194 2543
303 207 1578 2840 5017 5946 5448 4800 3418 4829
304 1604 1578 337 1610 2984 1888 1086 1504 4124 677 3481
305 91 73 2840 3126 1888 1940 1700 3418 2488 5088 4480 933 3052 5810 2426 3516 3517
306 1883 1550 3385 2683 933 194 1448
307 1086 2426 720 2445 1644 3310 4083 1389
308 410 4476 4446 1086 677 1940 933 4832 4605
309 3418 1504 3052 4476
310 1715
311 1722 3822 1957 423 2642 4605
312 2840 933 1523 3481 1259 3686 2488 638 3052 1529 3507 1888 1646 203
313 1259 126 1490
314 677 1259 5448 2984 1086 2840
315 1040 5051 2546 2056 1018 2819 158 2426 3016 4755 4813 5546 517 1700 2755 986 5448 150 1646 1504 5274 4476 1999
316 1529 3481 1732 2879 5051 1087 2241 4608 1646 150 2755 1086 1929 3686 4476 1499 4589
317 1086 677 2426 481 3744 1050 91 4832 2867 1529 5017 845 623 1018 4598 5094 1555 2130 1644 1560 4654 5331 2910 4602 1259 1523 3481 1940
318 4476
319 677 337 1450 4256 1747 2194 4476 91 1888 1615
321 5446 2879 5555 21 698 1424 3411 1086 5410 933 5017 3822
322 126 677 513 4476 4859 2683 933 5051 3481 2879 3052 342 5731 337
323 1596 5072 1087 1529 148 1999 330
324 3766 3418 3126 1529 1087 3481
325 677 1888 1050 2780 1529 1078 2840
326 1529 1779 5017 958 845 4476 5331 1259 3418 236 1050 2984
327 4167 1732 5017 936 1811 91 2238 4608 5331 3310 1610
328 330 126 1888 1610 677 3418
329 751 3126
330 330 1018 1259
331 4608 3840 1326 203 1086 1087 1881 2755 3418
332 1700 2840 2426 4476 3123 1732 4605 3310 158 677 4832 3052 91 1529 2014
333 3052 5170
334 2056 5411 2819 3840 2917 3222 1700
335 1087 2879 2917 236 4476 5274 5170 4706 1529 1499 1610 2461 2332 5331 1646 5411 5448 337 1259 1644 67 3418 845 1779 2755 148 4598 3126
336 3052 5051 207 223 3418 4476 1529 203 4813 1646 4602 330 194
337 2683 1504 4645 1940 203
338 4385 73 2879 4446 4813 1242 5017 2158 139 318 4938 4476 2790 1700 2270
339 1888 5017 4476 720
340 677 227 1644 4092 2238 2819 2668 1981 3049 2640
341 677
342 4788 2626 933 3481 1499 1086 1050 1504 1888 4645 4977 2879 5823
343 4083 2780 5017 2840 1550 1504 452 423 2879 5094 5448 1529 5051 2755 2332 73 736 3507 1499 4476 150
344 677 4645 3085
345 330 1700 4680 2840 5170 4385 677
346 168 5448 2683
347 2879 691 709 1732
348 126 845 1888 4476 5603 1078
349 337 1087 172 3689 4608 2021 5051 1223 2978 1406 1709 2394 936 2813
350 318 2056 4832 2426 4608 2917 4605 1251 1700 1087 2394 1999 1259 1860 150 4476 677
351 1009 1610 1050
352 1888 3126 1529 2358 2332 1732 4605 4476 403 5170 148 4706 4598 1040 2194 1700 3460 236 4077 158 666 5082 2426 91 84 2461 4832 4083
353 1259 933
354 3819 4476 158 2840 5331 2358 1732 720 1040 2056
355 2683 1446 2546 587 1086 1163 1259 3840
356 3310 3819 2105 3501 4476 1578 4275 4083 1888 21
357 2840 677 150 2683 1698 2626 2488 4476 3126 1610 1560 3385
358 1259 933 4645
359 148 933 1086 330 677 1700
360 3452 4167 2105 666 5331
361 2879 2840 3126 1504 1078 4476 677
363 4605 3646 1326 1732 1086 172 1050 4077 3749 2040 1711 2640 4645 1700 1596 790 1888
364 1062 4476 2879
365 1420 67 1973 5274 3385 194 3418 3126 1560 3052 1504
366 2879 5017 1883 828 3418 1259 1504
368 2426 1140 2445 84 4083 2642 666 1644 91 677
369 2426 150 1389 3052 1087 1888 677 4476 2241 1644 3686
371 2840 4977 1504 2488 1529 1389 2626 3481 1578 1316 1018 677 1078 1560 2375 1087 2194 4476 5619 3052 2241 4608 1968 2332 1086 67 992 1888 1883
372 3469 4832 3385 5603 1560 1700 5954 1242 84 5317 3389 1050 3039 148 720 1305 4813
373 67 2917 1732
374 2780 3507 3766 4446 337 4518 1086 1050 203 5810 677 638 3418 1888 5735
375 3325 691 172 3914 1100 1999 2879 1615 1850 1610 709 936 2978 3819 1578 677 3683 3646 1711 3257
376 1050 2683 3418 5051 1888 2771 4476 4589 203 3819 513 207 1732 2879
377 2879 67 1163 4977
378 3052 4476 3418 1979
379 2840 1529 1518 5170 4977 5448
380 5954 1523 3310 4385 4476 2105
381 845 1353 64 587 936 2194 4706 4476 1457 839 123 2778 4608 150 5274 2755 933 2105 73 1504 3325
382 1504 2332 2241 1259 839 677 3126 3503 2105 4476 3418 4645 2879 1446 3094 4977 1529 4829
383 1251 3385 3325 1050 583 4813 3460 2021 720 1560 5411 1504 2683 2069 4476 73
384 2780 2683 3481 4446 845 1504
385 4518 423 64 3822 1389 936 1529 1086 4608 2626 933 4589 1259 677
386 4476 1779 1389 2238 4977 1086 677 91 4518 203 1259 64 207 4602
387 3180 3039 5618 5641 5634 1999 720 2358 1339 64 3679 4605 91 479 2243 1888 947 2394 1860 5331 1644 1448 2668 75 1722 992 3325
388 3822 91 3766 839 677 1050 1811 423 782
389 677 1050 1450 91 1578 1087 1326 1999 1709
390 5448 91 958 1050 2194 1610 1087 3686 5072 4476 677 839 2755 1326 203 3766 1450 3501 2840
391 933 4977 1979 4275
392 1883 203 2626 1811 3418 5735 933 230 1646
393 2778 1421 2755 726
394 1646 1500 2778 1421 1450 1610 203
395 1259 4083 1050 933
396 1779 4271 1578 677 1450 3052 1389 1529 1968 1259 3126 4077 1644 2906 3744 4800 958 1888 4608 194
397 2113 1779 1421 4783
398 933 1523 1448 5274
399 677 4077 1779 203 2906 4446 2626 1504 5810 1086 933
400 2241 1644 933 677 3094 3503 4977 3052 4476 1578 5170 1086 1389 2332
401 1779 4977 677 1087 4083 1490
403 91
404 845 607 5331 1259 677 2626
405 3524 5357 139 2426 720 5302 5735 3517 1457 896 958 194 1523 3094 3481 5051 91 402 172 4476 1490 1406 5823 1529
406 64 1500 933 1610 2389 2813 3819 305 4800 4083 73 4087 337 75 158 3310 1421 2642 1490 1087 2241 1406 4515 3691 3744 3481 1050 978 4591 958 607 936
407 3840 207 3822
408 5603 1050 91
409 751 1888 207 4977 318 1259
411 2546 3501 5155 3418 587
412 148 3418 3052 2840 3481
413 677 3822 4706 203
414 2840 1087 2879 1888 2755 5155 3408 4829 1504 3418 587 3766 1050 5634 1644 1086 91 1610 3310 2238 4476
415 2683 2019
416 1141 2903 203 337 933 4083
417 1864 958 3469 5274 3418 2528 3840 933 839 587 1086 148 67
418 5365 3052 3418 677 5327 1140 3819 5170 1968
419 751 726 3766 677 1504 91 1610 1775 4515 1888 5994
420 207 5017 4003 479 4446 172 4476 2158 2867 1504 1086 5155 933 194 139 4602 1888 5555
421 3819 2543
422 933
423 4077 4977 1578 1201 933 677 1881 1888 1968
424 2626 207 1610 2780 933 3418 1583 91 5541 3744 677 1888 4476 4515
425 933 4275 1259 2426 677 148 4077 2056 23 4832
426 1811 203 1610 91 423 751 1775 677 3501 3418 1490 1578 1504 3766 2879 4515 461 1050 1086
427 1446
428 337 3501 1529 5155 4124 4077 207 978 726 2626 1504 3418 4602 3686 3766
429 2389 5810 2241 4083 1347 2105 933 1940 5331
430 2917 1615 936 1646 3766 337 1888
431 1050 3039 1086 401 4755 2780 3822 1259 3418 4476 1775 4518 5017 3325 207 2683 4515 182 203 2019
432 3507 1811 64 677 1490 2879 1615 194 1888 1850 936 958 5331 1412 2807 2194 1499
433 527 4256 933 1615 2528 4476 2488 3686 1646 203 2014 2879 1163 330 5970 423 2543 1412 936 3469 2840 2792 3418 1389
434 2379 4602 1550 3418 2104 1864 1086 4061 992 203 698 3822 995
435 1172 148 1504 720 4385 1086 1700 4476 1888 1050 2426 1644 4003 1457 3418 5051 1353 4832 1163 3790
436 4275 1450 1316
437 5448 4800 270 726 1259 2593 1500 677 1078 1420 1050 3418 1086 1504 1529 203 3501 5051 1888 583 933
438 5634 677 5411 2238 3418 1529 337 1420 3744 1086 2194 4083 933 1050 270 2115 3840
439 3418 1560 479 194 1523 5411 4821 3819 1050 1450 1888 1529 2840 677
440 1732 2194 677 4077
442 3481
444 2017 1610 1087 1085 5823 1009 1086 1446 1259 720 4800 677 1560 2819 5603 3469 4706 1504 4083
445 5603 4832 4167 4083 1732 2984 91 1888
446 751 2194 3052 1968 1259 1888 1529 3481 236 2115 4977
447 1578 2105 933 123 1634 1968 1888
448 933 1259 677 1811 5411
450 1968 337 677 4083
451 1087 933 1578 2105 1940
452 3094 481 2910 1446 1086 2426 1700
453 3501 5448 2984 207 404 5155 3418
454 2426 3325 5017 1018 3310 720 4605 3257 1940 148 4275 1086 1050 4832 64 3330 1888
455 677 1050 933 1087 1446
456 1888 1578 330 3052 4645 1420 148
457 1504 2840 3052 1078 1929
458 1888 936 1615 1610 751
459 3418 1610 1078 4256 1888 1050 677
460 148 5810 2683 1529 3310 1018 1259 1050 2840 3744 3052 3481
461 677 1610 958 337 933 203
462 337 1050 91 2040 1888 1086 4476
463 3686 1578 64 1888 3481 4077 1977
464 1504 4695 1610 194 1301 677 1578 1050 1490 3418
465 3052 1888 1610 64 958 933 677 1050 1259 3744 1078 3325 4077
466 3460 1779 4476 258 2488 3052 1560 1529 411 2105
467 4476 782 4608 2879 1709 5357 736
468 5051 1732 4476 677 495 1709 148
469 1078 194 4589
470 1504 1999 677 3418 1050 67 1180 3016 4755 726 3501 1259 4476
471 4645 4077 1450 3094 1578 677
472 1227 1779 1504 1578 1050 677 2450
473 1615 91
474 194 4645 5170 751 4077 3481 4589 4476 1747 5094 3385 1420 1888 3819
475 337 677 1610 1709 1050 1529 2840
476 1709 3624 2194
477 4645 5537 2840 2984
478 1326 2238 4385 1119 1450 91 958 1881
479 1259 3460 677 1086 2840 3840 4077 3686
480 3039 1977 4645 330 2408
481 1018 5331 933 1086 1259 330
482 1888 4077 3507 1446 5954 1578 1529 1259 4083 4518 677 1050
483 5603 933 3085 3744 4608 677 1490 4446 1888
484 1578 3310 1259 1529 726 1050 203 677 3481 720
486 5954 2105 3840 3822 2879 736 726 828 3039
487 1979 933 3744 1888 2104 1450 958 751 1578 1050 3481
488 423 1888 1578 2780 1732 4077 73
489 4077 3418 677 5094 1615
490 3426 1578 1779 1018 1259 3481 4275 4645
491 2683 933 3418 4077 5411 1050 2626 4788 1141 3840 1227 1529 1490 670 1259
492 5810 933 1578
493 1412 936 126 1529 3052 4476 2807 3481 1850 4083 1394 2238
495 1412 4476 1529 1610 1732
496 2984 1578 330 1490 1450 1078
497 2879 1646 1412 3831
498 4083 1259 1578 1979 3426
499 2408 4476 5017 548 2546 933 3715 4977 2879 172 4706 5357 241 1421 1523 1649 3524 1406 3418 4602 1499 1644 3938 720 1709 1086 2389 150 2771 1389 4827 3481 4577 139 3686 2819 5302 2917 330 5094 2426
500 148 1529 1172 3389 2840 958 203 1700
501 4077 158 4832 1722 4605 148 91 1610 4083 1888 2445 1700
502 4476 677 4077 4706 4977 1450 1644 4608 2683 1646
503 677 4083 2115 2105 1610 1979 1578 3766 1779
504 1529 207 3418 1259 4598 3840 845 1504 736 4813 2879
505 1560 4800 1610 2879 150 1062 172 3201 2840 4813 3222 4476 3790 3049 1078 3730 1999 936 4977 677 4077 67 3052 2241 5051
506 1500 2543 4446 1050 2984 2626 1999 4515 720
507 1050 1578 1888 330 3052 1018 1259
508 3325 1732 677 3426 2426 4832 4083 3790 1050 2194 91
509 1259 4476 4602 1018 3418 1529 4077 3126 736 1504 1420 1450 5411 479 2683 5448 3744 3840 5017 4515
510 1446 1504 720 148 1779 3418 223 1086 1424 203 337
511 677 2194 933 1086 1450 5810 1087 1490 3507 3418 4083
512 194 1504 4605 2642 677 91 1999 933 64 4832 1450 1700 84
513 677 1259 933 1940 3481 1050 4645 3426
514 2096 677 236 1732 2332 4977 2755 4476 1644 3052 1578
515 3126 1504 1078 1086 2840 67 677 4602 845 5331 5082 2014 3510 4271 1040 2426 4476 1259 2056
516 698 3222 1202 1523 5810 548 1500 1940 2426 3501 1700 2056 5051 123
517 1112 1747 330 1245 5618 91 1961 258 2130 1550 2771 745 1523 3691 1499 3126 647 1062 5275 3154 3389 773 4814 3969 5320 2925 698 4602 4083 4275 2271 5298 5331 4087 2807 5810 1850 1414 1085 172 3460 3283 3819 499 298 1700 4645 1185 2640 4622 3646 2021 3201 5634 2813 5302 4124 4772 1951 200 148 2014 3256 720 126 5448 3325 3469 292 5970 623 3123 4003 2879 527 2096 1864 5829 438 1714 2062 1457 3790 3091 2450 1646 1881 5051 3073 992 1265 194 3749 223 3683 1775 896 583 1732 2070 3906 3015 726 1711 5155 411 149 4937 1490 2687 5947 5357 3822 1888 3689 4813 4475 3418 2683 3481 2408 1087
518 292 3052 933 1050 1779 1578 4275 3481 337
519 1523 1929 2241 4124 1087 1940 3325 769 2408 1227 75 1500 73 1406 2668 2056 2358 1646 4083 2924 1100 1978 5331 933 4827 1644 2626 3481 2426 4622 958 227 695
520 2910 2626 203 4446 1883 1529 3840 481 3507 1259 5051 933 2175 1050 5448 1779 1087 5331
521 3310 4476 1860 677 1389 1968 2879 5170 3481 1529 3418
522 330 4751 698 203 1078 1406 4800 933 479 4476 126 452 3325 1124 3744 1457 3481 1732 5051 3011
523 1529 958 207 677 4124 1421 126 4077 1078 3790 3418 1610 1087
524 3683 5051 4788 1610 1929 1940 1529 148 1698 3418 270 2426 1086 4605 5603 3507 1997 3330 3126
525 330 2194 4446 4476 1259 638 933 203 223 2069 1883
526 3683 4654 5385 4589 75 2426 479 354 3481
527 677 2755 4385 5017 150 1529 4476 3310 4602 1086 2683 148 2840 3049 2543 2879
528 1850 1412 677 1210 3507 461 4608 2807
529 2683 1529 3418 1085 4789 4813 1999 3766 1078 207 3409 2593 5411
530 1450 1490 331 4083 1999 5687 1446 3052 936 1578
531 4476 3299 720 2755 4800 4788 1406 2626 4385 1896 3039 992 4359 1414 3481 1087 1086 4083 258 3516 5603 947 530 1421 5009 1560 2813 2917 139 1078 1953 4308 3819 3123 4821 2358 933 2426 158 1504
532 1316 2243 1265 1722 149 91 610 401 4518 2906 4083 4605 1180 4275 1529 3624 203 1085 4446 1050 4772 1968 2668 3481
533 4124 4083 3501 548 1644 3161 1957 4608 2593 1833 2813 4087 3257 75 1050 958 530 207 3481 1406 1389 266 2488 933 2924 1347 4591
534 2241 2879 1087 677 638 1529 1646 4977 330 2488 4476 2840 4271 2755 5448 1860 4385
535 5051 5275 1420 936 1997 5274 2461 4608 1811 4476 148
536 5331 4167 1888 3052 3481 720
537 4476 1811 4811 1779 1940 1499 5810 1529 3686 3418 2755 2879 1087 2461 1646 1968 677 1504 236
538 638 1529 4124 1210 5331 1929 1747 3686 3501 4077 4476 1124 1504 1779 2879 1850 1050 1086 270 4829 933 5051 337
539 4608 839 1078 1997 4476 828 1499 5170 2917 4385
540 1504 5170 2543 1888 258
541 2813 4800 5634 3123 5448 2668 3180 75 2426 1747 1700 479 2978 1406 1050 438 481 1610 1888 623 1722 2389 958 5051 1529 720 91 1978 1929 698 3094 936 4832 5603
542 1523 2683 1086 4476 1560 1940 2879 5017 1529 1259 1610 5411 1050 677 4829 330
544 3310 4256 1940 5331 1050 4515 548 527 4083 1578 2668
545 1610 3819 3749 64 4083 4256 148 1864 4480 1850 3310 623 3560 4087 4124 3161 1775 3469 2379 5634 172 2271 4092 1860 1087 720 2194 3039 2894 1545 5810 5098 5300 2450 933 75 1389 3283 3481 3217 1715 5327 423 5331 217 3790 2375 3421 1604 1227 1136 168 2426 4003 1711 258
546 1977 2879 1078 670 1351
547 1747 952 2626 1242 2755 726 67 4602 3123 3686 1596 2546 1504 203 698 828 1499 1087 3201 1086 1583 3227 318 3418 3256 4515 4609 182 933
548 677 638 933 698 1140 4385 1050 2243
550 3744 726 270 3310 4275 1259
551 91 194 3418 1700
552 5731 1504 933 1711 3469 936 2840 1446 3201 1242 4813 5170 1450
553 933 1504 337 769 1883 828 2778 4077 3822 4476 1185 203
555 1747 1850 4518 3310 354 1450 3325 751 2792 3790 1078 4608 5051 2879 677
556 1087 1968 2879 2917 677 5170 698 4275 1779 2105 4476 2241 1860 4608 1504
557 150 1050 4077 3052 1446 2194 5331 933 677
558 5051 91 342 4476 4608 4515 3744 1811 3418 698 677 638 933
559 936 698 4829 4541 2879 4077 4938 4476 318 2790 1504 3588 2270 73 194 2158 4813 670
560 4475 4813 726 139 5785 3822
561 5634 3744 4083 1732 1446 4077 1578 1968 4476
562 2528 4813 4476 1888 1555 1504 828 4446 3822 5448 1086
563 933 4829 1529 337 1499 3418 4602 1583 236 1086 2984 751 1259 5331 677 4476 2626
564 3481 91 337 4977 1610 4083 2238 342 936 5051 1779 1450 677 2807 933 4077
565 1997 3822 4706 5448 670 726 2626 933 207 2879 4271 3418 1086 2105 1050 2755
566 2332 5810 1578 2194 4083 4476 337 236 4077 2488 3744 4271 677
567 1100 126 1850 2021 3646 3325 495 5170 3217 1259 3418 1711 4476 3094 1604 1578 2014 4077 1242 2978 1596 1779 677 2807 1888 1610 64
568 1732 936 1610 3501 4608 91 3744 677
569 1732 677 1610
570 4077
571 3507 1529 5170 337 1999 677 1715
572 958 4124
573 1050 1610 1368 4608 91 3501 958 1529 677
574 2906
575 1450 2879 677 1709 2792 91 4083 1610 4077 936 1732 4476 4608
576 337 958 4083 5170
577 4608 4515 933 1578 4124 91 3418 677 1888
578 91 1086
579 4977 2014 4476 1316 4446 1940 677
580 4706 4977 91 1929 3766 1811 1646 2194 839 1610 677 3822 3310 4515 5385
581 3094 1979 1578 677 2194 1888 3481 1259 1450 1940 1087 4083 933
583 3481 5170 677 3094 1968
584 2506 3418 1087 4518 698 677 1050 2241 1529 1259 4083
585 1860 139 751 318 5017 698 1504
586 1518 1596 1850 1265 342 4515 4589 3010 1050 4602 5051 1529 677 751 2801 1578 1888 1929 4518 2978
587 91 3507 2879 936 3418 5331 1529 1888 1389 4476 5017 4077 3822 677 4518 933 337 4515 4608 4706 3766
588 91 1087 1883 2194 1050 4359 677 1560 3766
590 677 1888 1610 3126 4977 4083 3481 1732
591 91 1940 677 1850 5051 2879 1929 2104 2780 203 4476
592 933 1968 1140 698 4515 1201 91 1504 194 461
593 638 1504 3481 1560 1050 677 1086 1368
594 677 5810 1087 207 4515 751 1050 3418 3822 1775 2780
595 1811 638 3744 1646 5785 4608 91
596 1644 2426 5385 230 4275 839 461 1610 1050 1457 2755 91 3501 677 2194
597 4476 1779 1860 5331 3819 2755 4813 751 1529 1504 1259
598 194 236 4476 4077 4977
599 4608 1368 2046 1850 1100
600 4608 4271 203 1499 5331 1504 1086 4476 1050 2241 2879 207 698
601 933 1446 4446 1811 1646 677 4977 2104
602 1504 936
603 2879 5051 1578 4608 1050 91 1610 67 23
604 5810 4077 1644 1646 4515 2014 677 933
605 2807 1722 4608 2241 342 1850 677 3507 1888 936 1529 4077 2238
606 677 3418 1368 5170 1087 4083 4077 3310 236 958 1086 91
607 933 3481 2115
608 3766 677 1811 3310 2194 2426 1610 4359 1448 4476 698 2755 1888 410 3840 1050
609 2194 1050 91 2238 2426 1087 2543 1610 587 1560 139 4476
610 828 203 4385 2546 5331 2780 1504 1421 1883
611 172 1596 2879 3507 5537 4476 203 527 1394 5051 5220 4832 207 182 1504 2158 1929
612 677 2194 1450 1050 410 3766 839 1644 1368 91 2755
613 933 1050 1450
614 2755 1775 4446 1529 2879 67 4476 4275 4124 4608 1086 1499 677 587 3686 2194 4515
615 1210 607 342 5448 1646 3389 410 1504
616 3501 91 4832
617 1050 1490 677 67 2879 73 1860 698
618 709 1259 1420 691 2840 4476 3510 3016 677 1545 4977 3744
619 1850 1888 2807 1811 4608 677 342 3507 91 1615 1529
620 839 91 2115 1450 2194 3766
621 1711 1087 677 1265 1578 5810 936 1850 3646 1644 5274 1732
622 5641 2780 4515 4476 91 677 1610 638 3517 5541
623 2626 1500 4061 410
624 677 1646 91 3766 1050 839 3822 1610 2194 5331
625 933 1446 4271 4515 1610 4476 698 4608 2626 203 677 1529 1646 1087 1968 3507 1259 1499
626 1929 1968 677 3822
627 677 1446 1644 3310 4083 5331 4645 1940 1779 1968
628 1210 5051 677 1368
629 5327 5331 2046 1265 4813 182 1050 1368 4829 2906 337 2894 2879 230 223 2105 207 2807 2801 1421 5411 1347 3227 2669 3418 2683 1242 1140 1865 3428 978 375
630 677 1389 2238 5051 2807 2771 3481 933 607 1850 342
631 677 1499 4608 1504 1732 3822 3052 1997 203 172 4271
632 1644 410 91 3766 1050 839 2194
633 2626 203 2802 638 4813 4271 1529 3418 2879 1997 1050 172 3822
634 1968 4083 1644
635 2879 207 4608 1583 2241 410 677 1529 698 4077 933 461 1610 4518
636 1610 3418 91 845 677 1775
637 1086 318 1860
638 4476 1529 3052 461 1389 3481 2194 978 4977
639 1446 3052 677 1529 236 3094 2488 1504 933 4476
640 3094 677 1450 3481 4083
641 677 1722 5051 337 2967 1578 3744 1529 1850 1929
642 3418 4476 1499 4608 3501 5541 698 677 2879 4515 203 1504 207
643 1389 1888 5810 2967 513 677 4518 342 5051 2879 1850 2194 5017
644 2967 1888 1529 1850 342 5051 2879 677
645 4932 318 4609 337 2470 4476 410 4813 1997 1086
646 4476 5051 4518 1529 1578 342 3257 1850 2879 1050 2967
647 337 3790 4608 1709 1610 1644 4083 677 1450 91 5170 2879 4077 1529 3409 4476 3744 751
648 4813 3730 2528 4609 1860 1997 1450 410 5017 1087
649 1500 139 726
650 638 1050 698 933 410 203 1644 1316
651 4622 3481 3507 1644 1888 172 1700 4608 933 666 91 4083 4275
652 4476 172 5017 5051 3686 1273
653 1446 677 4077 1050
654 3766 1646 410
655 1929 3790 342 1644 3766 3822
656 1504 677 91 3507 452 1050 3501 461 1610 2194
657 1578 2241 4608 1888 3744 4476 2461 2332 5810 1610 1389 4083 4077 4977
658 677
659 1450 1446 4476
660 1087
661 3123 4476 2910 933 4813 1529 1504 1086 2879 139 5017
662 4061 2649 207 1888 203 513 1050 2813 2879 4476 342 1100 5017 3730 1504 1850 3409 375 1610 5051 4832
663 194 1850 1747 5051 2807 172 1888 203 677 1860 342 4077
664 4518 677 670 1850 5641 1732 513 2879 203 2755 5051
665 3428 1883 172 2669 1050 1555 1504 936 5537
666 337 1929 607 1716 2879 1850 698 4608
667 2014 677 2332 4083 2461 3481 1968 4476
668 1644 3126 5810 4083 1888 1389 4077 2194 1610
669 4518 1864 936 2379 2879 4476 3766 4589 698 230 1086 4602 3039 1977 1981 1545 1550 3411 992 3418 995 978
670 4384 1811 839 677 91 2194
671 5385 203 2194 1644 677 1086 1929
672 318 1086 1700 1050 3052 1610 2194 2238
673 91 992 5541 677 4476 4608 2780 452 638 1610
674 4608 958 1940 4077 677 1979
675 1811 1389 1646 3744 845 4608 677 194 933 4977
676 1450 1850 3325 1529 1968 337 1888 677 4515 933 1504
677 978 2019 3822 1450 1259
678 607 5541 4476 4515 2780 677 1201 4608 1610 3257
679 145 410 337 1140
680 3507 1450 91 3822 3418 3766 677 423
681 1201 172 4385 1560 410 2778 3730
682 1560 2879 5641 3624 91 1050 1644 1087 2194 3389 423
683 1265 1732 527 1644 1860 1087 236 1968 2194 3325 5810 3683 342 3646
684 3222 4385
685 1163 270 1987 3052 933 1578
686 1888 2755 2840 1578 3481 933 236 1087
687 1888 1732 2014 4077 4476 1446 751 4977 4083
688 698 1610 3418 1940 4476 933 1968 2626 677 1644 4446 4515 530 4977
689 3822 3501 410
690 236 1529 3039 1888 2488 3481 2332 1968 1450 1446 3094 1086 933 677 1389 4124 1604
691 2593 5448
692 4608 4602 1201 2755 1259 1583 1604 698 337 1775 5810 4476 677 1644
693 1500 677 139 203 1883 828 1529 1560 4446 1504 4476 1100 1087 1050 638 258 726
694 1997 638 726 1086 1883 4829
695 4598 194 5331 4275 2626 4977 4515 1201 1888 933 1529 698 1086 677 337
696 1504 4813 587 1490 73 1610 670
697 1504 2243 2807 148 4275 1265 709 5317 2238 75 5618
698 4515 1086 4271 4977 4476 2461
699 3744 4977 677 1087 5331 1545 2241 2194 1779
700 5537 3822 2062 1610 1644 3686 5634
701 677 933 5810 698 2626 4602 1201 1529 1811 1518 1968 4476 1086 1446 4077 3418 1610 3822
702 4518 342 207 4476 677 3744 1888 4124 1929 4608
703 2461 1450 4124 2488 330 1888 64 3481
704 1446 1050 1578 933 638 1018 3052 330
706 1259 4645 2683
707 2332
708 2543 139 2040
709 172 3822 2801 1450 4275 4977 1087
710 1732 3460 5448 3822 2461 1504 4476 1446
711 1389 1499 1087 936 203 4518 4476 2238 698 1368 64 1529 4602 423 933 1086 677
713 698 936 423 1888 933 3126 677 1259 1529
714 354 2238 1210 4061 5017 4706 203 4476 3790 3507 2807 1716 936 845 698 207 3257 1811 1850 3389 513 1888 258 4608 2879 1504
715 1086 4077 2241 1811 4446 3418 4515 1604 4602 677 2626 5810 1529 1259
716 410 1050 1883 3790 1504 2640 4706 1100 1560 2807 726 2910 3161 375 172 1747 318 1086 1888 5017 3426 698 1545 587 337 2669 4829 401
717 423 3418 2879 4515 461 1610 91 2626 1929 4602 677 5641
718 952 3123 4476 5327 5785 4813 1504 726 790 318 5634
719 2470 1018 726 410 828 5785 4446 64 1811 3822
720 1086 1504 1811 677 845 2780 1259
721 410 1811 91 2879 2755
722 839 3840 4275 1504 4476
723 1860 139 1779 839 1087
724 342 2879 1210 5051 1850
725 410
726 5571 3501 2879 423 1864 4476 751 2755 1500 1086 91 5017 5155 2470 1087 4813
727 677 4446 4977 698 5810 933 1888 1086 4077 4515
728 1446 3822 1888 828 1259 4476 1389 5017
729 1087 4077 3052 1968 677 726 5170 1860 2461 1389 3094
730 1583 4977 1732 933 1529 1518 4476 2626 1504 1259 4602 978
731 2488 1578 3126 677 1779 3766 236 2241 4476 3052 2194 4077 1732 1389
732 1732 1968 1700 2840 1860 2488 2917 3507 3052 1446 1883 587 1086 1888 148 1529 933
733 1078 2426 2445 1700 4608 150 677 2358 1504 3501 64 342 4476 1997 2593 4605 194 1644
734 4446 4476 1646 4977 4515 933 677 698
735 1646 4446 4476 4515 677 1610 3507 698
736 5810 4829 410 828 1883 4385 1644
737 1523 1888 4515 3744 1850 5051 698 1164 4476 2967 2105 1529 2626 342 2879 3507 1583 21 1504 677 1968 933
738 2780 1504 4476 1529 2879 2807 677 1164 3744 1850 4977 5051 342 330 461 5634 2194 933 4083 2755 3507 3325
739 3822 3501 91 4446 1860
740 1529 936 1888 1850 3507 2780 677 4476 3686 513 2879
741 67 2461 337 91 3439 1997 4608 2879 845 839 530 1087 1259 952 4476 5365 5541 698 5248 1050 172 4990 3418
742 4077 3749 677 4476 5829 4977 2640 4446 1490 2040 1711 1596 5810 5331 2091 1610 3015 1265 1578
743 3507 3460 2309 4476 2245 1545 5051 172 1864 5017 1368 2790 2105 3790 1504 2879 4239 4938 1888 4608 1850
744 1940 4515 4977 3744 1644 698 4083 194 3310 677 5810
745 2241 4476 1499 3481 3766 1888 1529 4083
746 3481 1811 1888 3052 3744 4083 1968 677 4476 3310 2332 1578
747 91 1050 677 4706 638 1446 933 194 5541 410
748 207 936 2879 1888 677 3501 3426 2105 1850 1086 3744 5810 354 1732 342 1050 1210 91 5017
749 933
751 2017 5072 5618 1347 978 1833 1406 91 4751 4083 4087 1978 438
753 64 933 3481 150 677 1888
754 1929 5051 2238 342 1368 1394 1529 1850 3325 1504 677
755 1529 1446 1977 1389 1610 203 3790 207 2879 337 2238 4271 677 64 1888 936 698
756 4476 3822 5448 4271 5017 2879 1050 1086 4608 67 1499
757 2543
758 513 1929 3501 1850 3744 4476 2780
759 677 638 354 3822 1450
760 2014 4476 4083 677 1940 2241 3310
761 1504 677
762 1811 1529 5618 1615 1850 342 677 3507
763 2546 4077 4813 4541 3072 1201 1883 1259 1997
764 4446 4515 1646 638
765 3469 337 3126 933 203 4446 698 1504 2626 1529 3507 1259 677 638 3686 4476 2879
766 698 1997 4271 2780 172 1504 5571 1499 2105 1490 2984 5735 1888 2879 3418 1420
767 2238 452 3507 845 4518 5051 342 677 1850 4476 936 410 1929 2879
768 2194 782 91
769 4977 1389 2917 933 3126 1504 958 1259 4476 3481 2879
770 3822 2840 3766 1087 337 2755 3501 203 2879 4476 4813 4271 1086 933 158 3730 172 5155 726
771 2879 2461 5810 4476 677 1578 4515 2755 2104 3822 172 1775 1646 1529 1050
772 4077 4977 4476 4515 1968 2241 677 933 194 1775
773 828 933 2543 1201 1529
774 2014 5810 677 5170
775 2040 4476 677 2879 1850 2807 1615 3016 933 423 1529 2593 2238 1086 4608 4083 2792 91 5051
776 4591 1888 2879 4645 4608 2238 1811 1078 677 330 936 4077 91 933 1087
777 461 698 4977 2626 5810 1940
778 698 1448 1646 1968 3822
779 1646 1811
780 3434
781 91
782 933 677
783 5051 1811 677 1050 21 1180 1888
784 1644
786 4977 4476 4275 5082 1446 1888 1604
787 1732 4083 2194 1888 2967 3744 1644
788 3325 4706 666 84 481 2755 2488 2019 2840 150 318 1700 495 2426 5274 3389 1087 4083 3052 3418 158 91 1529 1644 148 172 236 677 4602
789 172 5810 4446 3418
790 1811 148 677 1504 3418 1050 158 2642 481 5731 1529 84 3039 1888 1086 3052 3256 4832 4977 403 2056 91
791 4476 1446 5810 1646 1940
792 3126 933 2879 5331 2755 4515 4476 1504 638 337 1259 677 3507 203 751 1779 2635 1529
793 1940 4083 1644 4476 1504 4077 1977 1610 2488 2332 3744 4977
794 1929 5603 1529 337 1578 2780 207 5017 1086 677 698 5410 1504 3819 4829 2879
795 1646 4077 5051 1425 2069 828 839
796 2840 4645 958 1529
797 2879 1119 1457 677 1997 4476 318 1087 698 2062 4077 1732 5017 742 1086 726 1604 337 3126
798 2879 1779 1775 1968 1529 845 4476 638 1050 2755 839 1646 677 3822
799 1646 337 1888 677 1421
800 4083 698 1732 1888 1700 2426 2642 4832 4605 4645
801 5170
802 4645
803 3418 3503 150 2879 2332 677 2488 933 4476
804 1644
805 3744 1940 4083 5051 3052
806 2358 1529 5170 1085 2906 3052 1424 1888 4275 2017 2917
807 236 2426 3310
808 1578 1644 3481 3822 677 194 4083 2238 4476
809 3072
810 4083 933 168 3310 1087 4476 2194 3481 3126 1389 1888
811 4083 4977 1389 3052 1968
812 1940 4598 1957 236 1446 1968 751 194
814 2488 1259 1529 1504 4476 2241 1446 2984 1779 194 2840 5331 3094 3481 1747
815 2879 1968 4476 5810 3052 1888 150 1499
816 698 1811 1394
817 1732
818 1087 2683
819 1940 3408 5170 1050 1732 5331 1811
820 4275 5298 6038 172 139 1112 148 1583 318
821 2840 1504
822 2014 751 3744 4977 236 3052
824 3481 1888 677
825 1929 4977 337 677 5170 1087 1259 2755 1578 1968 4275
826 4645 1604 236 2014 5082 1050 1888 5274
827 1050 3161 677 2755 223 5603
828 1711 1644 3052 5327 2807 3819 1529 1389 677 2879 4083 2332 936 2241 751 3418 4977 172 3201 1968 5170 1242 2014
829 698 3822 1201 2780 2375
830 933 2115 1644
831 1424 2897 1864 2879 1201 2917 1414 3283 2925 2894 3123 2967 1259 5468 3091 3073 3072 3154 1241 1210 3217 1300 3039 3011 1328 1351 1245 1217 1273 1881 3256 5603 2105 1711 1714 2104 2062 2059 2021 75 1997 1981 1977 5970 1968 1788 1961 1958 1957 1953 1811 2121 1654 2238 2271 1457 1490 1501 126 1504 2780 2778 1523 5634 1450 1555 5735 1596 2543 1860 2450 2426 2408 2394 2389 2640 3361 3439 3409 4977 670 4515 5231 3376 217 5320 5327 4275 691 4114 5171 709 4082 4832 1888 203 647 5051 4589 150 318 328 4829 4814 4813 4772 5298 4755 4706 5302 258 411 452 4937 4602 623 4591 5263 828 745 4003 983 3618 3560 3510 839 148 1050 3691 3481 3469 3460 3435 1085 3421 1086 5411 145 936 298 3749 149 3914 3830 194 3766
832 1940 3426 4977 1811 1499 1050
833 5274
834 3822 5785 4977 3426 2375
835 1050 1732 3766 1888 4275 3052 375
836 4077 1450 1732 933 1050 677 1504 2879 1888
837 1940 150 5051 197 1775 1833 5603 1448 3411 3201 3180 3969 2894 1421 1425 751 328 152 5317 4476 1529 4518 4589 2488 1604 479 401 1457
838 1940
839 1086 391 978
840 1929 1596 2626 1529 5051 2807 1850 677 4602 1711 2978
841 1722 1940 3766
842 1529 2780 1888 4608 337 1929 1259 677
843 5017 337 4476 1389 677 5448 1888 4256 4068 1450 3744 1615
844 91 3507
845 1201 423 1316 207 2755
846 3766
847 337 150 4608 2879 677 1504
848 91 4608 2626 1529 3822 4476 677
849 4083 1888 3481 1450 2194 91
850 2241 936 3822 5072 5810 1615 1888 677
851 410 5785 194
852 3822 3481 2014 91
853 4608 4605 1999 91 4087 4083 227 2807 695 720 172 3507 1529
854 194 1504 677 5810
855 2840
856 677 3822 342 2879 1850 5448 410 1259 4476
857 677 1604 1646 337 1779 3822 2626 1446 1529 3507 452
858 5810 330 2593 677 1050 958
860 4605 2105 1500 5009 2807 438 1421 1978 2358 3524 4092 995 2668 4800 933 3049 2118 1446 1888 5618 1086 5094 2771 2130
861 2879 1259 4003 3822 4518 928 726
862 148 4856 3052 4813 1644 158 5170 1523 2840 91 423 2105 1700 1732 1999 666 4476 4832 4706 2426
863 3126 3686 172
864 1529 4515 1259 698 5051 3418 1850 4077 1610 342 1583 2879 4476 677 1185
865 677 698 2543 3256 1811 1940 1201 1504 2021 933 207
866 1888 3310 4832 5331 4124 3052 1732 3744 194 2358 4602 4083 91 3790 1700
867 2158 3501 172
868 4518 1050 5810 2867 4446 1775 677 2780
869 1050 1141 1424 2426 481 1700 330 3256
870 91 158 2426 4083 1940
871 5619 1888 4083 2488 1529 5170 1940 1087 337 4476 3126 1086 1328 3507 1968 4977 677
872 2056 3819 698 623 1700 3481 720 3469 933 3460 1140 4003 4446 3691 4082 2924 5051 148 4654 5603 1961 1265 1940 401 1300 5327 3325 3039 4832 3161 91 2894 1711 479 2488 2426 2840 1732 1865 2358 1957 4605 5331 3094
873 4083 677 3790 3819 1700 2840 4832 666 1888 3325
874 1529 3790
875 933 91 2105
876 1050 84 4832 4275 64 1888 2056 1700 91 2426 2967
877 3310 3330 1644 677 2241 4518 91
878 1450 933 677 936 4608 91 330
879 330 933 677 4608 2115 5051 936 3507
880 677 4124 148 4083 2488 1700 91 2426 2358 5994 158 2543 3094 4832 3123 1957 1086 2902 1242 3015 958 236 1722 1644
881 677 2426 1979 3123 2445 4476 1087 1644 1086 1700 933 4977 158 4541 91 4832
883 4680 4083 3481
884 91 4832 698 2879 1604
885 4541 947 4083 91 1888 2780 318 1406 3624 5317 150 1141
886 3481
887 3481 1578 1610 958 1259 933 5603 126 337 677 64
888 3766 1644 1610 4476 1732 4077
889 1732 1700 1644
890 1968 2840 1888 2755 5603 1940 1504
891 2426 1545 4167 933 1610 3123 1811 1078 4083 1615 1747 4605 2488 2593 91 4832 1644 64 2056 158
892 200 4083 1523 1860 4769 3819 3299 2375 5051
893 3822 5331
894 126 2488 3385 2115 1578 1888 2780 1112 4003 1078 4680 3766 1610 4124
895 2840 64 2241 3310 933 1779 2105 1615 91 677 3325 958 936 1389 1610 1504
896 337 1646 1968 1050 3481 5051 677 933 1529 1850 203 1610 1446 2879
897 677 1242 2488 2445 1610 91 1888 3049 1644 4832
898 203 1087 1301 4605 3310 2840 677 1644 5603 1529 1610
899 1888 3094 720 1644 2668 1457 3481 91 1977
900 1578 4977 2332 2461 5448 2488 4077 1968 677 1389 2241 1779 4645 1722 5170 4476
901 1529 4167 3481 1086 3418 751 1504 4275
902 4275 145
903 1615 91 1316 936 1446 2755 677 1888 1259 207 2115 1709
904 1968 587 677 1578
905 677 1646 194 3731 3418 2879 2488 1610 4821 1523 5094
906 1326 4083 4077
907 91 2813 1368 2194 677 4167
908 148 337 933 1700 4605 1086 1545 1732 2056
909 1578 4518 91 1888 1610
910 1610 4083 5603 1087 4518 677 2115
911 1578 2241 4518 5094 2780 2840 3507 423
912 4167 1086 3426
913 1888 4083 1644 5810 2115
914 2115 1610
915 4605 1086 4476 933 1700
916 677 236 1394 2780
917 3052 207 2780 2840 1050 677
918 3418 677 1446 236 4645 4476 4083 4977 1968
919 1610 2194 481 2840 1888 958 2445 1644 4605 1732 2105 91 4602 3325 148 4083 145
920 2906 330 1087 4083
921 126 2194 5094 1529 3481 1888 258 677 1610 1578 2840 4256
922 2115 331 1141 1999 1529 933 126 2488 1087
923 461 958 1326 1644 1610 91 1050 1700 5385 4605 5810 2194
924 1604 1888 4476
925 4077 2332 2115 4083 3418 2879 1578 1610 1888 194 677
926 4275 1050 3481 933
927 4977
928 5385 1700
929 305 4605 91 2488 1086 2238 1644 330 1504 5310 342
930 2445 4083 1610 3766 1644 1242 1732
931 3330 91 4832 423 2840 1529
932 1779 2194 3256 3507 35 4083 3481 91 677 2426
933 1529 677 1040
934 845 2807 638 1265 677 342 1446
935 91 4832
936 4608 4605 677 2445 91 936 1644 1316 607 3325 194
937 1888 1700 677 720 4083 1087 158 1604 4832
938 4077
939 4589 1709 1700 4829 5051 936 4359 4608 1050 1732 1164 1883 1450 5411 1087 203
940 148
941 5810 481 4977 1086 1504 3481 2626 148 677 1040 1700 4832 1888 4446
942 4083 91 2426 1050
943 4083
944 1940 2426 1700 610
945 3385 1050 123 337 1811 1163 4476 1078 5331 4938
946 4813 172 4385
948 1185 4813 4446
949 4083 4446 695 1888 2640 3325 2978 2668 3201 1881 1394 5829 3409 670 2683 150 5009 203 5823 5317 5051 194 1529 5810 4476 3481 5263 91 1078 1929 2105 1711 1953
950 1997 4829 1883 1201 726
951 1245
952 3469 2668 4092 1888 1793 4083 3507 4446 203 227 751
954 1050 677 2807 4608 91
955 1504 73 1888
956 1259 4515 1050 4645 4384 3072 4476 2426
957 1078 5954 2840 4695
958 2104 2879 2984 126 1078
960 1940 670 2158 139 2790 73 4938 2780 4476
961 2807 4275
962 1779
963 1185
964 2543 4476 3730 4541 698 1504 342
966 677 342 1811
967 342
968 3766 1850 375 1529 3409 1888 5051 677
969 2780
970 1732 1615 5051 677 1578 2807 1850 936
971 677 1604 530 2626
972 1078 933 194
973 1259 1504 5051
974 677
975 337 145 1850 1578 1389 1100 1888 342
976 1504
977 1888
979 3938 1779 123 3161 3257 5673 1698 2917 1881 677
980 2780 677
981 330
982 4476 2879 2394 5051 1775 330 3744 258 3507 207 203 2426
983 1504 4083 1888 2840 5170 1779 677 3052 5448 194 1578 2461
984 1259 3161 1050
985 4938 839 3730 139 2879
986 2626 2426
987 2488
988 133 342 4167 1424 5051
989 1087 3822 4813
990 1850 677 2780 4608
991 1850
992 3516 2426 4083 933 4003 3310 1896
993 3049 1775 4083 3524 1610 3481 1604 5094 3715 3507 75
994 5051 2669 2021 513 736 4515 1850 3840 4476 3418 4829 1555 2879 3507 3428 207 1888 203 1504 1050 3731
995 4938
997 4518 677
998 5673 1610 1210 3840 1529
999 2059 1583 1087 1610 1136 2271 2021 4003 148 720 1860 4751 4275 1523 1086 150 5810 4800 1245 3154 2091 647 3819 3072 1775 1085 5044 527 495 978 1850 1406 1977 75 983 3481 3790 1389 217 936 5088
1000 1850 782 1968 936 677 4518
1001 172 698 4813 1940 1086 1499 5541 4476 1446 2879 3819
1003 677 1850
1004 410
1005 1086 342 207 4518 677
1007 2879 677 638 1450 354
1008 4077 1087 3501
1009 933
1010 342 4446 677 1389
1011 677 1610 3418 2394 5051 367 150 194 5829 4275 2488 3766 2879 5448 1368 4821 1394 1087 5017
1013 5051
1014 5051 1850 230 1610 513 3052 2807 677
1015 3822 677 3744 1850
1016 3766 5051 1929
1017 677 2879 1850 4077 5051 2104 4813 1210
1018 207 423 1850 1929 2238 936 677 4476 2879 203 4608
1019 2626 1888 677 5810 1389 4476 4518 845 4077
1020 1087 936 1646 2014 1610 3501 1050 1968 1100 2194 1265 3646 1140 91 677
1021 5170 677 1860
1022 4518 5017 3822 1086
1023 1529 3126 1578 587 2626 3256 677 191 4077 1259 1883
1024 933 1050 5331 677 3052
1025 677 91 194
1026 5541 677 5810 3507
1027 3501 839 677 5331 2194 1450 3686 91 1610
1028 1732 1610
1029 1716
1030 933 3325 158 2426 3052 91 3409
1031 5331
1033 2543 3052 266 1560 3222 1018 751 1504 3418 4446
1034 782 4515 933 91 3822 3507 3310 1087 4476 3766 1610 1086 1448
1035 5641 1610 1087 91 3310 2194
1036 91 958 933 4124 4083 1450 1779
1037 1259 91 4608 1610
1038 4515 677 4476 1259 4446 4977 1583 933 1450 1888 1968 1086 2879
1039 337 3418 4938 203 2790 1259
1040 217 3507 3749 1420 72 2879 1265 1722 2450 5410 194
1041 2771 4608 1646 1722 1316 677 936 1086 423 4476 3766 2755 2450 3123
1042 4977 1490 3686 677 2879 2626 3256 5448 203 1446 1529 3418 587 91 1997
1043 2426
1044 337 677 751 3310
1045 1968 91 1610 677
1046 5385 91 1050 3766 2105 1644 3389 1560 4977 677 1646 375 2194 4275 1087
1047 2194 1086 677 3310 91
1049 410 5331 3418 1259 677 203
1050 677 2879 4515 839 91 2755 1583
1051 1583 4515 4608 1940 677
1052 677
1053 677 1732 4608 91 3646 1265 1850 4645 2879
1054 1446 1087 4167 1779 375 337 1940 677 2194 3790 933 3507
1055 3646 1610 638 1265 677 936 194
1056 1968 1087 2194 5331
1057 3123 2450
1058 958 5331 4598 342 2792 5051 933 2238 1610 1850 1888 1085 1523 677 607
1059 1610 1087 677
1060 4385 1968 203
1061 1446 3819 2626 5274 933 2879 2021 4476 207 1259 1086 3481 2543 1499
1062 5448 677 1086 1050
1063 5051 1389 91 677
1064 677 2546 3418 3819 933
1066 5810 4476
1067 2792 3094 3766 933 2115 4608 1448 677 1389
1068 4476 4518 3822 5017 1888
1069 4476 4518 1646 423 1578 5017 3822 145
1070 207 4083 5954 677 933 1883 1086 2626 1259
1071 4518 4977 1446 5017 3822 1646
1072 1450 677 1779 2626 936 1050
1073 1450 2626 677 2755 1446
1074 677 4977 4083 1446 3766
1075 5051 4476 933 1185 677 936 2238 342 5810 91 1615 1644
1076 1732 3766 677 2194 1050 1450 91 782
1077 1610
1078 1446 677 751 337 936 194
1079 1504 1881 2683 2175 1529 2543 3227 691
1080 1086 2543 638 5785 1779
1081 677 1646 3766 2626 933 3744 4077 4608 91 4977 4124
1082 677 194 4124 5810 1578 3766 91 1646 4977
1083 1504 3501 4083
1084 1610 1709 91 4608 64 677 3766 3790 936 1450
1085 1610 933 4977 1504 3389 91 4608
1086 1087 782 1968 1604 2194 677 91
1087 1518 1940 5170 5839 4077
1088 2104 936 236 4077 4083 4476
1089 5810 677 1646 3766 4608 4977
1090 1086 1646 1050 677 4515 1450 3822 839
1091 4977 4476 4077 677
1092 3452 2879 638 329 5017 3731
1093 677 1450 4706 91 5385 839 2194
1094 194 677 91
1095 5051 4515 751 1578 4077 677 194
1096 583 1504 2683 1529 5810 1446
1097 3330 933
1098 1888 258 2879 4829 1997 3418 5155 4602 1086 2626 670 2546
1099 5385 1259
1100 1779 2867 2062 1615
1101 677 936 4608 1529 2879 337 2626 194 4515 3049 1888 21 3766 342
1102 2241 4083 1389 4977 4476
1103 4977 5051 677 3310 936 4077 1610
1104 1940
1105 2894 1860 5052 479 1050 1850 1191 1732 217 5603 4476 3091 1523 1457 1086 3683 1490 2626 933 172 1394 5317 4788 1596 2019 5051 548 1087 1864 5365 4832 4680 4275 452 1424 1242 148 3154 1328 4083 3790 623 298 773 5044 3691 677 4082 150 4813 437 2807 5298
1106 3418 5571 2592 3730 207 2978 4476 1504 845 2840 123 958 1732 3501 64 1529 3731 148
1107 1888 3766 423
1108 4083 1087 2194 677 5331 1968
1109 207 2238 3256 1259 194 1811 2506 1242 4476 1490 4061 933 3325 1389 952
1110 4977 4384 4077
1111 751 1716 2780 1940 3389 207 677
1112 1646 4077 4518 677 1389 1775 1888
1113 3822 1259 1646 64 1389 638
1114 4518 3822 3766 1259 2867 207 677 1646
1115 1086 4518 3766 410 1888 4515 4476 2506 337 587 751 839 3418 698 1968 1775 5731
1116 1018 4275 2115
1117 1940
1118 2840 3418 3052 2780 207 2984 1078 1259 677 1529
1119 1087 410
1120 4977 337 318 4476 3426 4813 3310 1086 4829 1888 670 2626 67 207 2546 3744 828 698 1201
1121 5017 4446
1122 1940
1123 1940 1883
1124 4083
1125 4083 330 1610 1446 1326 5603
1126 698 194 1940 638 2780 1457 1979
1128 698 1811
1130 1259 677 3822 5017
1131 3819 410 3161 3822 3418
1132 1940
1133 1850 2626 1929 1888 342 677 1529 5051 1722 2967
1134 1050 4518
1135 4476 1700 698 4275 1504
1136 1529 2984 5810 2014 5829 4977
1137 4977 330 4476 3507 1446
1138 4977 4476 1940
1139 2488 5603 2115 1610
1141 4446 5810 1050 3766
1142 1087 677 1050
1144 207 677 1775
1145 4256 2792 1259 194 1615 337 91 1050 5331 145 2115
1146 978 2194 527 4083 4645 1050
1147 677
1148 72 1457
1149 1086 677 203 1610 2780 1050 207 3418 4515
1150 2840 495 91 4605 698 3310 3501 461 1078 2059 1700 1087 1529 992 1888 194 1979 677 1555 1732 4476 2802
1151 677 4446 4518 4977 638
1152 698 3507
1153 1811 4476 3507 677
1154 423 2194 4476 1888 1646 4977 3822 1811 1086
1155 4083 1888 677 1578 3310 4518
1156 410 21 337 1888 1578 1389 1646 4077 677
1157 4977 3481 5603 197 1654 148 3052 354 1529 3683 1644 150 91 1596 481 4275 236 4605 3819 2894 1457 1732 401 1265 709 2358 527 3011
1158 5331 3409 698 3507 1050 4476 2241 3418
1159 150 3072 677 4083 91
1161 1050 1446 194
1162 1050 2642 91 4605 4275 2819 5051
1163 148 4645 2984 1888 3385 4077 4446 2040 720 2687 172
1164 1448 3790 3744
1165 1578 4077 698 1940 5810 4977 4476
1166 769 1087 4608 4476 670 3624 6026 2175 3501
1167 1709 91 677
1168 1700 148 4083 677
1169 2115 2241 978 5810
1171 4589 1406 1446 1888 227 1086 720
1172 4518 4083 936 3822 330 1610 91
1173 2879 5603 2792 1888 2105 1615 3325 677 337
1174 1644 2488 4077
1175 527 1265 1850 677 1775 1421 1050 2040 1711 3646
1176 4446 3822 4977 1504 5810 2626 1888 2640 91 4476 677
1177 3766 1087 4476 1578 2332 2194 236 4977 91 1732
1178 1775 677 3822
1179 4518 677 203 3418 207 3766 1086 1968 751
1180 1644 677 4977
1181 4977 978 3744 2488 1968 4476 5331 4077 1529 5810 337 2461 1888
1182 126 123 5448 3481
1183 1050 1732 1265 4977 3744
1184 1929 2807 677 936 4077 5618
1185 1504 1888 4591 1259 4271 5051 3426 933 1583 726 4476 2241
1187 709 4977 691 5331 3914 21 1545 3766 3481 5298 150 4083 1448 1394 4476 3299
1189 1604 150 1421
1190 5051 337 2807 1610 677 4083 2194
1191 3822 4977 4515 4476 2241 3790
1192 4608 933 3790 607 4256 2115
1194 638 4800 4476 5446 958 2840 1389 3052 677 2488 3094
1195 4476 410 2807 1865 1265 2780 1860 21 933 4609 4813
1196 5810 1446 677 3481 1888 4476
1197 587
1198 3744 1610 330
1199 677 3310
1200 5603 1888 318 1259 742 1709 3418 2840 1646 3093 1940 1578 2917 1504 3481 1529 2755 150 1086 1968 2879 5555
1201 1929
1202 936 3325 677 2771 933 607 1779 1888
1203 4476 933 4977
1204 677 1775 2130 1604 1050
1205 2115 2014
1206 21 2840 1732 1050
1207 2115 933 194
1208 2819 677 4608 1523 1644 3052
1209 337 3460 936 3744 2807 342 5618 677 4608
1210 2879 1504 168 677 5810 1259 1499 3819 1086 318 4598 1968 698 3418 4476 2902 3686 4271
1211 91 1811 698 3822 4446 1578 1888 2241 4476 2879
1212 4977 1604 1583 677 2626
1213 150 2879 677 91
1214 1050 1850
1215 4977
1216 4977 4476 698 677 1775 4608 3389 1888
1217 1775 4077 1888 677
1218 1888 1968 3507 4077 677 1646 2014 1610 4476 698 1504 4977
1219 677 236 5082
1220 1999 677 2879 4977 2241 1888 5051
1221 4083 5810 4077 337 4977 236 5170 677 3126 2241 1811
1222 698 677 4977 933 4515 1646
1223 1087 4476
1224 1888
1225 5810 677 4077 1644 1604 2332 2241 4083 3310
1226 1888 1610 3257 2917 461 2879
1227 677 3790 4083
1228 3418 4515 5448 936 3126 2879 203 3840 207 4476 1732 4518 1086 3256 4598 698 5017 2238 1490
1229 4518 1775 3822 3624 3766 751 5603
1230 4476 1644 4515 203 933 2241 677 2780 1450 207 698 1888
1231 1529 4938 5274 2158 4476 2270
1232 2780 1732 3123 4385 337 3831 1646
1233 3822 375 172 3201
1234 3766 207 4385 337 677
1235 3766 3418 318
1236 3822 73 67 1050 698 1860 2243 4977
1237 2669 1504 2790 318 3428 139 4938 3831 2158
1239 1450 1087 1185 139
1240 73 4938 2790
1241 2105 5051 513 2879 726 194 751 495 1273 1610 3840 4476 207 2778 1850 1504 5220
1242 677 1646 638 2807 1596 3010 4602 1850 2626 342 1711 5051 1578
1243 3052 1747 2019 150 1888
1244 3283 647 1788 1014 318 3201 3439 4832 2040 4800 3299 4589 4788 2070 3560 4749 2104 3618 3679 4937 2021 1124 3683 4814 4605 2046 3481 4480 1078 3039 2056 4829 354 3469 1050 1009 2091 1300 1961 4591 583 4083 1523 745 1490 2683 726 936 4475 126 1596 4167 1747 821 5072 4446 1850 4275 1999 1714 2925 2105 1545 5331 1351 2894 4114 223 1864 1711 933 5829 3819 150 148 838 2361 2271 5810 5302 4082
1245 698 677
1246 677 1775
1247 2879
1248 677 4608 1210 1185 1646 4977
1249 2669
1250 4608 2807 677
1251 337 5810 677 4518 2771 1940 3257
1252 2626 1732 1604 677
1253 1596 329 1140 1560 182 2801 2879 1490 5017 4476 1242 318 2807 2792 1368 5603 1050 375 936 3418 1100 2683 5422 1087 4583 4813
1254 1202 530 1500 1501 2813 172 2091 5317 4761 3819 4977 2906 401 1523 3418 1394 2271 1140 933 2243 3481 4275
1255 4275
1256 3501 3094 150 3418 3516 1259 3517 1747 1504 1389 4476 270 1968 1779 1446 2105
1257 1888 3822
1258 1987 126 2780 4083 3052 1610 5094 1504 1811 330
1259 1888 677 1968 2807 330
1260 5994 4275 5331 1504 1500 3831 3822 2906 1087
1261 2070 2801 1185 1711 3749 1421 3822 172 5327 3819 318 337
1262 2626 3822 4541 2528 1421
1263 1545 4788 2925 3389 1604 1202 3439 4645 172 4476 150 4087 1610 401 3501 2207 3201 1242 5331 3588 1499 2683 330 4083 148 1050 1968 3408 5327 4755 3418 3507
1264 4077 3201 148 64 172 677 1100 1711 1242 936 4813 3749 3460 4275 933 1259 4977 2807 4515 150
1265 4077 677
1266 1850 2840 5673 4077 2091 677 4977 1265 1504 1242 1450
1267 4518 1578 1850 1722 5098 3822 3766 1860 4977 638 1646 1265
1268 4813 2543 5017
1269 1050 1646 677
1270 207 1940 1499 2879 1210 1425 1644 2626 5051 513
1271 1646 5098 1596 2807 3822 4977 2894 790 751 936 4602 1578 1100 2984 1711 933
1272 1504 677 3256 2780 4832 2903 207 3840 828
1273 2840 1732 1578 423 1450
1274 751 936 677 2626 1265 845 933 3683 1711 1646 1596 638 1850
1275 4977 1711 1646 751 936 2104 845 933 64 1850 236 1265 1450 677 2062 638 1596 2626 4602 3683
1276 958 5810 1888 1499 2840 4077 150 5331 3052 330
1277 677
1278 3622 2546 139 4813
1279 3481
1280 2879 2771 1850 4124 4518 936 1732 150 677 691 1888 194
1281 1273 2375 3409 698 5017 1888
1282 1504
1283 2780 3819 1550 677 139 5331 4654 1504 1368 3548 1086 2158
1284 3548 5220 194 2840 2543
1285 4476 677 936 1811 423 1504 1610 203
1286 2780 2626 207
1287 1504
1288 3256
1289 5170 150 4977 677 1450 3418 3126 2840 4811
1290 1850 677
1291 194
1292 828 1504 1732 3256 258 3428 2546 4813 4977
1293 5072 4476 1504 2780
1295 677
1296 1711 1265 4518 1732 1775 3766 1446 3460 1850 1596 1050
1297 691 2175 983 4476 4602 3015 2792 2546 3201 3180 952 2879 1596 5448 4832 5017 1529 2394 3256 1504 2626 1747 3819 172 1086 3126 2984 4583 1779 1242
1298 933 337 4602 3790 2879 1504 1646 1550 1259 2626 236 3256 1499
1299 1504 2062 2506 5537 2546 3730 1883 2910
1300 677 4083 1604 91 1316
1301 1709 2626 5017 933 4515 4028 1968 1940 2755 3418 2105 4977 2879 5061 677 1086 4476 203
1302 1529
1303 1968 677 3822 4446 4977 4476
1304 677 3426 4977 172 150 4275 3749 691 2978 1811 1747 1860 2626 936 933 1711 4602 4077 2807 1504
1305 4832 677 23 1504 1883
1306 677 4446 3822 1050
1307 3227 2683 1747 23 4645
1308 203 5603 1499 1779 1087 4515 2626 1086 4275 1201 3418 337 1259 410 329 1646 4476 4977 2879 1883 1529 4077
1309 4977 5673 5170 677 1529 2488 3126 4256 3052 1578
1310 2879 203 3686 933 3256 2104 2771 4977 1997 3011 1968 1504 4385
1311 4476 1450 330 5331 3126 751 91
1312 2840 1811 1504 4645 4476 236
1313 1940 4977 1499 3840 698 337 4271 1446 318 1811 677
1314 1968 4605 4476 1700 91 1610
1315 194 1850 150 1504 1732 4813 4977
1316 1578 3822 91 3481 4083
1317 958 91 3822
1318 2879 5634
1319 726 2626 4446 4275
1320 1596 2091
1321 5170
1322 1888 1050 1979 1086 4645 1018
1323 4124 1450 530 933
1324 677 1811 3310 4083 3481
1325 5731
1326 342 194 677
1327 2194 461 677 5641 1050 933 2062
1328 677 1050 3481 3325 3766 330
1329 1163 933 3011
1330 726 677 4977 5810 1596
1331 2626 1087 203 1529 677 1259 337 4476 933 3686
1332 4077 2488 936 1888 933 4256 3766
1333 4476 1968 1545 1888 4977 978 4077 3094
1334 236 4977 1957 698 1968
1335 1450 4645 1888
1336 936 698 2626 236 4608 677 845
1337 3310 677 1610
1338 4083 3094 4645 1448 1968 677 1389 236 3161 5170
1339 1504 3426 4645 4476 1578 3481 4083
1340 677 1086 4446 1888 1722
1341 677 1368 91 2194 1087 1709 1610 782
1342 4645 698
1343 1953 337
1344 1086 5017 1883 1529 1259 4476 2879 1811 1446 2241 2546 3418 2626 1560 5331 3408
1345 4645 4167 1888 978 1811 461 2014 4077 4589 4476 3481 2241 1529
1346 4077 4275 1578 4645 1529 1504 933 4977 1888 2115 1604
1347 423 91 3418 1578 2238 461 1086 1259 1610
1348 4605 4515 158 4813 1700 2426 258 3256 828 1537 3686 91 1504
1349 1050 1610 2062 933
1350 698 4083
1351 1940 1888 698 677 3822 1811 1578 1259 5810
1352 1504 410 194 1883 933 4813 4077
1353 4077 2194
1354 4083 677 5331
1355 4476 1644 1446 2626 4608 4977 1968
1356 1940
1357 1968 3310 4977 4476 4083 2194 3507 4645 698 1888 1644
1358 1450
1359 2906 4645 1604 1448 1968 4977
1360 1644 4083 236
1362 1811 4515 1610 677 3766 91 1578
1363 1968 1811 933 4476 4083
1364 2488 933 958 1578 4977 5331 5170 2194
1365 933 3819 1700 4832 1448 3310 3049 91
1366 2062 677 2194 1779 3389 1087 5331
1367 3766 933 1450 1779 958 2780
1368 4645 4800 330
1369 1504 4977
1370 423 677 845 2626 337 4977 751 2014
1371 1448
1372 4645 5810 1610
1373 677 1583 1888
1375 3389 677 1259
1377 4083
1378 4077 5331 933 4083 5170
1379 4083 1610 933 1050 5810 3222
1380 933 330 4977 2238 4077 64 4645 1888
1381 4476 1227 1504 1968 2115
1382 4275 3426 1050 1811 638 677 4977 3822
1383 736 2194 1979 1087 3691 1555 1050 933 3418
1384 2984 1596 751 1578 933 4083 330 1850 3683 4977 1450 638 1100 1711 1265
1385 1140 5170 4645 1811 2115 4608
1386 148 1888 2056 3766 4605 1610 677 2640
1387 933 1446
1388 677
1389 330 4083
1390 1888 3481 2014
1391 4977
1392 1775 677 4077 4515 4275 4446 933 4124 410 1888 1086 1610
1393 1504 670 828 2546 1883 726
1394 1888
1395 677 933 4977 2115 1389 1610 91
1396 4977
1397 677 3052 2238
1399 4083 933 4077
1400 1050 677 91 4083
1402 1259 4446 1504
1403 5810 4083
1404 4813 1596 203 1529 5673 4077 5017 936 2626 751 2091 4602 933 2801 172 677 391 318 3201 691 1450 1259 3819
1405 1504 1450 677 5810 4446 4077 1050 1646
1406 3385 677 933 4083 3481 1050
1407 933 1446 4083 1050 3011 5619 3094 3123
1409 933
1410 3766 677 4083 236
1411 4977
1413 933
1414 4077 2241 677 3052
1415 1259 677 1316 4476 3126 4083 1087
1416 4446 91 4077 933 751 677
1417 4124 4476 933 1259 677 1086 4275
1418 1888 1610 3123 258 3310 3481 1604 677 4083 5331
1419 698 1888
1420 337 677 2115
1421 3749 3766 1265 5829 2014 4977 5810 1711 677 2040 1610
1422 2332 1499 2840 1529 3819 2879 1078 145 933 2626 4476 1504 5170
1424 5603 1610 5810 3766 1050 4446 4518
1425 1977 236 677 1968
1426 5829 4083
1427 1610 677 5810
1428 4476 150 677 1888 1732 2241
1429 194
1430 5810 3481 2241 677 1779 4977 236 3744 1578 1888 2488 194 2461
1432 677 1583 933 203 4977 1499 2626 4446
1433 1353 1050 1500 933 3418 5687
1434 1888 5170 4083 4977 1448
1435 1644 677 2115 1888 3011
1436 2626 677
1437 677 4083 3510 933 1050 638
1438 677 64 933 423 1578 2626 330 936 751 4083 1615 607 2488
1439 677 4977 1968 4446 4077 1646
1440 1604
1441 2683 1119 3094 1140 1450 933 1448 5327 2243 1087 2906 1979
1442 3481 933 2115 236 698
1444 2790
1445 4938 5365
1446 1500 5634 5537 4061 172 5810 410
1447 1185 145 828 1087 1779 698 5331
1448 4829 839 933 172 4938 4476 751
1449 4938 1644 2790 3418 4476 828
1450 5571 709 2506 139 3730 5410 207 4938 1185
1451 1087 1860 5829
1452 182 207 4977 1711 4446 2243
1453 726 4813 1412
1454 4083 4275 2194
1455 2879 2375 828 1504 4706
1456 172 5537 2879 3822 5017
1457 2241 1087
1458 1578 3418 3481 4977 1888
1459 4609 410 91 3749 1265 1504
1460 139 375 1504
1461 2546 410 1883 1050 2091
1462 2879
1464 207 828 5331 2669 139
1465 2879 1351 5017 3840 1504 1185 1394 698 2238 1050 3325 3822 1086
1466 4476 194 2778 2755 3686 1504
1467 3822 337
1468 677
1469 4977 3819 2984
1471 1940
1472 1747
1473 3624 4518 638 91
1474 437 3501 978 5017 2771 1644 3822
1475 2771 3840 3822
1477 1860 1747
1478 1273 410
1480 1779 1888 5810 1086 677 4077
1481 2593 1610 1615 2115 4256
1482 4476 3819 1504
1483 1550 1457 3819 1951 148 2175 1596 3049 1353 4977 1180 4645 1732 1210 3217 3686 1112 172
1484 1406 751 5947 3283 5365 84 992 3822 1259 3731 4788 5231 150 2506 2070 4680 2807 148 4494 1788 5954 837 1112 3501 4082 1227 1523
1485 2867 172 4003
1486 148 4800 821 2426 1202 479 548 402
1487 172 1747 2879 2683 73 4476 1087 330 583 4813 587
1488 2840
1490 2543 2158 207
1491 1259 4446 677 1305 1940 1583 5155 2014 933 4275 2626 2879
1493 3822
1494 4977 1560
1495 4813 3822
1496 2780
1497 4077 1779
1498 4602 1086 933 4476 4608 2879 677 4446 337 5448 1968 1446
1499 1610 1504 2241 5603 3822 1050 4518
1500 3256 410
1501 1732 4813 2546 3822 318 172
1502 1860 4385 2375 698 2470
1504 5810
1505 1273 139
1506 410 423 1421 1316
1508 1050 1747 2840 1087 410 1504 952
1509 5603
1510 172 5571 1316 139
1511 452 139
1514 3426 1940 4275 1644 4977
1515 677 1747 1940 1504 1086
1516 2104 2546 4476 726 5331 5735 2755 1273 2461 2879 828 1504
1517 2158 2546 2543 1883 1500 4813
1519 1499 4608 4476 4977 936 330
1520 4083 1347 2906 2389
1521 1604 5017 67 587
1522 1086 1968 403 5603 4476 2238 1881 1050
1523 91 3507 1775 933 3481 1457 4092 1500 1259 479 995 1347 720
1524 4788 3222 5829 149 838 5810 172 1929
1525 1086 933 2840 3819 3052 4385
1526 2506
1527 1448 1259 933 587 1560 677 1078 148 958 2543 1504
1528 3822 2780 2879 172 3730 1412
1529 4385 1940
1530 91 1610 410 1050
1531 2506 4385 3501 1883 1732
1532 4476
1533 1087
1534 3822 3418 638 1087 1811 698 1420 1259 5537 3766 207 1086
1535 1086 3501 3822 2780 698 203
1536 3766 698 4068 1732 1610 423
1537 1883 677 2543 3389 2115 1050
1538 4832 4077 1457 4518 2879 1646 978 2755 3822 3840 1259
1539 3052 4821 1940 1050 1555 1716 5017 952 670 2906 5327 5673 1732 2780
1541 828 2879
1542 1560 4476 5017 1732
1544 1242 1504 1421 172 1860 1140 3201 4813 318 2626 936 182 203 2807 2801 2528 5017 952
1545 1050 698 587 3822 3418
1546 1610
1548 726 4077 1087
1550 410 3822 933 726 2546
1551 172 207 145 3822
1552 1644 452 1646 3766 839 1888
1554 3766 3819 2792 1087 936 2978 4275 3426 3749
1555 145 677 1940 2506 2546
1556 403 1779 3822 172 1883 677
1557 2056 148 5331 677
1558 845 1421
1559 3385 677 5072 3822
1560 2543 1185 4446
1561 607 4608 1940 337 4124
1562 1316 207 1421 1273 5017 410
1563 172 4813 5248 4385 1779 587
1564 4608 677 194
1565 1504 1940 2626 2879 4977 933 1646
1567 410 4832 5603 1500
1568 2158 2778 4077 1504 2506 1883 1273
1569 677 4518
1570 145
1572 1504 4275
1573 5231 3822 1940 5331
1574 1610 677 91
1575 1775 3766 1811 4275 4518
1576 1259 1578 1050 1732
1577 3840 1421
1578 4275 2879 4476 3822 1259 1775
1579 1940 2626 1583
1580 4938
1581 2879 1050 5017
1582 677 2626 4476
1583 4813 3501 2626 4515 207
1584 4832 751 3418 5810 5603 698 1087 203
1585 1420 933 5017 4813 2778 203 3408 4061 1529 1883 1259 1201 337
1586 5448
1587 139 3840
1588 1529
1589 1545 677 933 3418 1087 148 1353
1590 4813
1591 1979 4083 200 1087 677 1050
1592 4476
1593 5170 5331 1968 1779
1594 2194 3325 1999
1595 4476 4083 4598 5810 1446 3052 677 1578
1596 5947 1644 1265 1136 3618 3439 1450
1597 4977 1644 2014 4446 530 1888
1598 4124 677
1599 4476 1646 677 1610 1779 5810 698
1600 4589 1610 698 1646
1601 698 1775 1050 1646 3507 1610 4515
1602 4515 1610 698 1644 1646 1448
1603 1050 4476 2194 1604 4515 677 91 1646 342 4977 3744 337
1604 1883 3822 670 172 1273 1881
1605 3428 3819 2877
1606 2014 91 1610
1607 329 2546 2780 1747 3730
1608 1504
1609 1500 2755 3819 1086
1610 4821 4645
1611 1504
1612 3072 821 2040 200 4087 1529 3517 4083 2271 1896 2450 2840 1406 1050 548 933 1389 1086 3819
1613 3385 1040 2426 4476 3819
1614 1273 1732 4800
1615 3510
1616 1610 1119 410 530 4515 423 1775 2626 677 933
1617 1883 3730 3686 698
1618 4813
1619 1747 2778
1620 266 1747 4275
1622 410 2879 1888 1050
1623 1997 1883 4813 1779 1086 2778 3428
1624 4476 1732
1625 1259 1504
1626 1896 1888
1628 1078 3840 4706 150 1504 2840 4476 677
1629 2984 5810 5170 5274
1630 1811 3389
1631 1504
1632 1504 1259 4077 677
1633 4977 3819 1578 3822 677 1883 4275 3730
1635 3840 5275
1636 5641 1997 1883
1637 172
1638 1185 709 698 3588
1639 4003 1896 1242 1414
1640 1490 3822 698 1086 1529 1504 587 4275 4476 1997
1641 4476
1642 1394 1896 3481 3072 751 3683 3091 172 2408 1545 4480 992 2352 3435 2091 5634 4167 4589 3411 5263 2867 1953 150
1643 677 4515 4275
1645 5829 5810 148
1646 2543 4813
1647 3840 698 4476 148
1648 1578 4476 677 1646 4275 4446
1649 1929 4977 3217 4706 5411 3618 3154 3283 3439 3091 236 5829 2408 1958 4087 223 126 217 1604 4082 1501 5878 4589 1136 5810 172 3819 1457 148 4083 1864 838
1650 5017 5331 5155 207 130 2626 2879 2640 677 1504 3819
1651 4476 1504 3840 1265 2840
1653 3052 1504 1732 4605 2840 330
1654 1450 5051 2807 1180
1655 677
1656 4598 3481 1529 5170
1657 1811 1578 677 1450 2626 4077
1658 1086 1732 1529 2840 4476
1659 1940 410 5810
1660 933
1661 1888 2780 207 1300 2375 4476
1662 318 4271 1560 2461 3822 73 5634
1663 677
1664 1615 337 1450 2792 4608 2115 751
1665 4275 4977 1529
1666 145 4476
1667 330 4124 1940 1888 936 1615
1668 1450 1610
1669 4083 1421 4518 2755 5357 1615 2917 933
1670 1578 4977
1671 5970 3749 2984 2840 499 2091 1850
1672 5411 1504
1673 607 1610 2104 3481 330 936 5051 1850
1674 1450 3822 638 1997
1676 1446 1732 5357 2105
1677 1265 3766
1678 1446 1646
1679 1610 3094 3011 677 1448 4083 933 1747
1680 4083 5331 1979
1681 1610 1883 1086 1504 4813
1682 1968 1448 1604 2194
1683 933 2105 337
1684 5275 933 5331 1389 958 91 1265 1078
1685 2105 3310 1087
1686 2967 3766 1087 1578 2394 3052 3481 2115 1610
1687 677
1688 1888 1078 2840 337 1610 1050
1689 4077 158 4083 1732
1690 2241 2187 1722 4167 2056 5641 4077 2461 1700 4605 677 1779
1691 677 2115
1692 638 1450 5970 3822 4518
1693 3330
1694 2194 91 1450
1695 1811 1578 2626
1696 4977 677
1699 5785 1087 91
1700 4275 3686
1702 1722 4977 2091 936
1705 4515 3766 5220 5448 4476
1706 1450 3501 4695
1707 5331 91
1708 5051 677
1709 1050 698
1710 936 64 933
1711 2668 3822 3180 2771 1120 5051 64 5298 4167 4083 1078 4859 5618 1654 1968 2978 933 2488 3683 4589 958
1712 4275 5051
1713 4515 677 4977 1940 530
1714 677 1450 337 936 3481
1715 936 3325 5541 677
1716 677 5051
1717 677 3822 1940
1719 5810 677
1720 4077 1779 4515 5810 3822
1721 1811 677 3766 3822
1722 2238 3744 4275 4608 1100 2241 342 2792 91
1723 5051 677 3766
1725 1732 3507 3766 936 677
1726 1883
1727 1929 677 1087 3766 4275 5810 751
1728 4167
1729 4813 3428 2669 3840 4003 1747 203 3822 1529 5537 4821 172 2105 4476
1730 1087 1578 4077
1731 1775 3766 5810 4518
1732 677 1732 1775
1734 5810 1775
1735 3624 1732
1736 1448 91 933 1610
1737 4829 5810 4446
1738 1775 4518 1610 1446
1739 1610
1740 1610
1741 677 3822 1086 1646
1742 4518 4083
1743 1583 2879 933
1744 5170 677 1888 751
1746 1448 933 1050
1747 2506 1450 677
1748 1050 933 4083 330 677 1811
1749 91 677 2840
1750 4608 3501 3123 172 2105
1751 698
1752 1087
1753 751
1754 2840 2488 3481 2917 4476 5051 1888 1709 3126
1755 4003 1644 4977 3126
1756 1140 677 172 1450 5829
1758 1940 4275
1759 423 5155 587 91 3831 1086 1119
1760 677
1761 1050 150 720
1762 2683 2984 2375 828 698
1764 677 4977
1765 677 1779
1766 3819 2984
1767 1448 3822
1768 337 4083 677 933
1769 5810
1770 4476 1940 677 2241 1968
1773 1604 698 5331
1775 1448 3426 958
1776 1779 410
1777 677
1778 677 933
1780 742 5052
1781 4832 330 4476
1783 4476
1786 5954
1787 3822 2984 172 1883
1788 2984 3501
1789 587 1979
1790 411
1791 4977 677
1792 1860 172 5810 1140 1610 5009 1604
1793 3822 2461 5052
1794 1644 5810 677 1968
1795 4275 1888 677 4977
1796 3481 2635 2984
1797 1050
1799 4476 1529 4275 5170
1801 5448
1802 194
1803 3822
1804 1968 4518 677
1805 677 4518 1050
1806 1968 1050 677
1807 677 1968
1809 677 1732 5810
1811 677 1732 1646
1812 5603 1888 3624 677
1813 1646 1732 677
1814 1446
1815 4476
1816 1957 4077
1817 2115
1818 677 3822 4977
1819 1504 2546 329 2780
1821 1644 4977 461 933 91 1446
1822 91 5810 1610 3744
1824 1424 3325 1811 3822 5673
1825 1968
1826 1050 1888 2780 5331 698 337 5094 4077
1827 203 1421
1828 4977
1829 5274
1830 1747 607
1831 3822 1450 677 1646
1832 3822 677 1604
1833 2840 3481
1834 4083 1615 2792
1835 4083 1446 337 1610 3481 4608
1836 936 4608
1837 91 2194
1838 2238 1446 4167 3766 1888 1732 3507 461 2115
1839 4476 4446 337
1840 1610 3766 1448 3389
1841 677 1596 1300 933 2906 896 5618 2358 5468 203 1245 91 4476 1700 1448 1779 172 5051 548 158 2867 438 1711 1450
1842 3686 2546 3819 5017
1843 1888 4476 4083 677
1845 1450 4977 677
1846 5810 698 4608 4476 194 1610 4083 4077 2241
1847 1644 677 1646 461 194 3822 1779 1968 1086
1848 677 1646 4977
1849 2105 1421 4275 5327 3481 91 197 4446 1202 203 5541
1850 4605 3819 666 91 148
1851 1087 1968 4083 461 3310 4476 4608 4977 2241 698 677 2014
1852 1610 148 2840 4476
1853 1604
1854 1615 607 4645
1855 933 1888 1446 330 1578
1856 91 1644 236
1857 410 4077 1450 1087 1646
1859 677 1644 3481 3408
1860 4083 3481 330
1861 1968 194 1644 2115 2194
1863 91 1078 933 1615 1888 4977
1864 1644 1446
1865 330 1811 677
1866 2543 3072 933
1867 203 1968 677 1646
1868 461 992 4308
1869 933 677 698 1646
1871 1888 751 1578
1872 751
1873 933 1888 2488 2115 958
1874 1500 5051 1644 2426 1775 328 2593 3481 698 2194 1406 1646 4083
1875 1112 2105 1202
1876 3822 1940 751
1877 4092 401 1644 4083 1265 698 3969 4275 2243 947 1711 2906
1878 1888 3389
1879 5810
1880 3766
1881 3015
1882 1425 1888 2243 2358 709 481 3123 401 527 479 4602 5947 148 5603 2021 5231 2394 2104
1883 4083 2389 2626 4087 3469 1604
1884 91
1885 4977 4476
1886 148
1888 1180 3822
1889 1446 1050 677 4518 4077 1968
1890 1888
1891 4977
1892 2819 3126 1888 1596 3015 1018 4275
1894 4083 1888 1968 1050
1896 258
1897 452 2683 2879
1898 1850 4382 3507 4083
1899 677 91
1900 1050 330 1448 2104 4645 3052 1018 677
1901 1087 4476 1259 677 1811 3418 1888
1902 2984
1903 1596 2683 1529 4275
1904 4518 1940 1888 2115 4083
1905 1050 194 3691
1907 3686 5017 5327 1242 4829 148 1273 410 1412 2879
1909 677 4645 1018 1940 4083 1529
1910 1732 4931 123 1353 3481
1911 172 4446 1732 2840 2626 3822 3015
1912 91 1050
1913 3052 1732 5072 1888
1914 3418 2115 5327
1915 677 1368 4275 1185
1916 2158 172
1917 1273
1919 3766 4077 677 1050
1920 1888
1921 1700 2984 1086 2978 4761
1922 1529 3501 1732 5170 5274
1923 3524 236 1457 5810 2271 1896 318
1924 2194
1925 91 1050 3624
1926 1968 91
1927 1421 1259 3256
1928 4476
1929 3091 4977 3524 5448 1644 2062 5317 152 1732 720 91 2967 3744 3830 479
1930 1078 3481
1931 5331
1933 4608 2115 2792 677 4083 4518 2917 1615
1934 2543 1550
1935 91 2593 3481
1936 587 2040 4476 292 4275 2543
1938 148
1939 677
1942 677
1943 1078 4977 2840 1448 1529 677 150
1944 2426
1945 4167
1946 1610
1947 1888 677 2104
1948 677 4515 1940 1259 4275 4476 1646 4446
1949 1180
1950 1050 1450 677 3310 2917
1951 1888 2115 4256 194 1578 3418
1952 1259
1953 1259
1954 4275
1955 2626 1583 4977
1956 4813 3227 182
1959 2105 677
1960 4256 1078 1888 1610 1450 1747 3481
1961 1450 936 677 1265 4083
1962 933 1450 1087
1963 1450 1578 1888
1964 3389 1523 3481 5810 4087 3501 5829
1965 677 1610 1424
1966 2984 2778 4384
1967 1610 1450 648
1968 845 677
1969 1940 2640
1970 1888 677 1775 3507 1811 3766
1971 337 330
1972 3481 4083 1450 4446 2840 933 1732
1974 4645 3052
1975 4083 1087 3085 3325 3418
1976 2879 3257 5651
1977 4083 4518 1050
1979 4788 1896 1596 1583 1251 5298 3072 3418 1406
1980 1086 2543 4275 1504 4859 4476
1981 3822 933 677
1984 1446 677
1985 1888 1610
1986 1775 3624 677 4518
1987 3624 4518
1988 5448 4476 2626 194
1989 342 1644 677 91 4977 845
1990 1018
1991 677 3227 337 1504 3015 4275 1711 2669 936 3686 4515 3201 5970 933 1087 2683 172 1100 2840
1992 4275 3418 3744 2626 4385 1888 3822
1993 5327 1732 5410 5448 3819 1850 1979 5673 2683 2807 4541 172 4977
1994 4813 1711
1995 4077
1996 2780 2461 410 5448 3822 677 318 4476 4608 172 1504
1997 677 1450 1646 1968
1998 1775 1604
1999 4788 75 2243 2105 3516 3517 928 4769 4832 855 4275
2000 4083 751 1353
2001 1700 1087 4605 1050 933
2002 3822
2004 828 1085 3256 1529 2879 5357 698
2005 3822
2006 194 4541 4446 751
2007 3385 1050
2008 5327 461 2091 3822 3749 172
2009 3822 1940 3624
2011 1578 5051 150 1087 3283 1523 75 5634 3481 3299 1406 1316 1529 4092 5317 3222
2012 1775 677 5051
2013 330
2018 1078 1610 1732 3683 1888 5732 1529 4977 677
2020 4813 1504 2546 3411 410 172 2778 1997 1732 4476 2879
2021 2158 1273 1504 4446 1716
2022 2158 1504 3222 933 3730 1273 726
2023 5448 4813 1050
2024 2626 4813
2026 1504
2027 1504 3822 1273 5673 992 207 3686 1420 936 2879
2029 1018 1504
2030 670 1560 4769 1245 2105 1583 2807 4813 150 1018 1732 148 5603 1202 838 1596 1085 1850 3408 2046 2187 1406
2031 2115 933
2033 3052 1050 3385 1086 751 1087 3790 2115 2450 5072 2780 2840
2034 1425 3201 1864 677 3822 769 479 3091 4083 5300 1112 1654 1180 2879 709 5051 4695 1087 3646 2925 91 5810 5603 1700 548 5357 3027 5009 5331 1715 847 1646 150 4755 821 1604 5829 148
2035 4167 530 91 720 995
2036 1523 3624 3072 2819 3481 1978 1389 4446 75 4092
2037 3094 947 2960 4608 4275 2807
2038 91 4092 2130 4083
2039 677 548 236 3524 1500
2040 91 1000 2426 1604 530
2041 2668 5603 709 2062 1265 1050 1136
2042 3481 1062 150 1265 1140 1450 1610 5603 1300 2105 401 1654 698 5061 1406 1700 1218 2593 933 126 720 4814 5331 4124
2043 172 1883
2044 1351 5571 1504
2045 1888 3426 1504
2046 2840
2047 677
2048 4476 3418 5017 4446
2049 1421 5731 1259 3822
2050 1811 4077 194 2104 4446 4977 1086 1644
2051 4167
2052 1050 1448
2053 933
2054 330
2055 1446 1050 933 1940 677 337
2056 1018 1087 4385 1086 5603 330
2057 5603 3749 1711
2058 4083 330 698 3418
2060 4083 1610
2061 139 1185
2062 4385
2064 4977 4385 3052 2115
2066 4813
2067 4800 4275 3201
2070 5970 217 1265 148 1389 1881 3683 1421 3072 745 1501 3906 4494 5357 1864 1578 5365 2046 736 4475 3299 1420 3646 2867 5017 5044 5331 84 1747 936 3123 2105 3469 4749 2075 1406 1164 3819 4706 1583 1000 726 4813 2040 4937 5829 3201 4003 1078 4082 145 75 5810 3073 647 1202 4821 3091 1545 3052 1050 2408 5051 1259 698 150 2021 5687 3039 4087 5878 1958 5947 5946 3227 2683 4800 1210 3766 1850 5327 1951 1100 1714 3222 1112 2748 1136 1490 4832 677 126 1793 933 3389 1888 742 3409 1654 2059 1138 4856 5411 5468 952 200 4275 1711 1596 4114 4935 3111 4083 3283 2925 1953 4788 1732 2091 3481 2894 2104 4167 3510 5263 4772
2072 933 677 4645 1086 1450
2073 423 936 1646 677
2074 751 172 1086
2075 410
2076 3822 4446 1578
2077 2115 1610 4645
2078 3822 1578 936
2079 1811 4083 5954 1078 1888 337
2080 1504 4680
2082 4859 3686 2543 5017 3840
2083 4077
2085 1883 2477
2086 5732 1018
2087 933
2088 691 1560
2089 2778 1504 3840 4077 587 3501 1560
2090 726 3822
2091 5603 4385
2092 677 2104
2094 5331 4385
2095 5810
2096 1940
2097 5017 3517 1646 1610
2098 1504 2840 1610
2102 2546 4938 139 2543
2103 992 2640
2104 1888
2105 330
2106 3418 751 1504
2107 410 3822 933
2108 2115 3126 1604 4077 1888 4476
2109 4275 3822 1273
2110 3840 4446 1504 5603 638 1779
2111 3730 1504 172
2112 4645 2115
2113 3052 156 1018 4384 1490 845 1450 2894
2114 3310 1700 1087 330 4167 5810 2984 3052 1888
2115 5619 2115 1610 4645 1087 3325 4083 1940
2118 1979 5603
2119 3310 4083 1050 1086 1850 3766
2121 677 1050 1490 958 1610
2123 936 64 1446
2124 1610 958 1747 3481 677 4083 1779 1078 2906
2125 1888 2461
2126 2014 698 2238
2127 587
2128 1504 5365
2129 677 337 3822
2130 677
2131 2543 410
2133 986 2426 1700 1732 1086 3481 2358 5170 67 4832 2840
2134 3481 4385 2426
2135 3052 2488 1578
2136 5810 2626 1164
2137 1086
2138 91 5603 194 1050 4083 2105 2194
2139 1086 2840 1018 4605
2140 1940 1732
2141 2543 933
2142 1896
2143 2014 2194 91
2144 1646
2145 236 330
2147 2807 3310 1100
2149 194
2150 1888 4275 3790 936 1646 698
2151 1940 1604 2906
2152 751 845 2917 2755
2154 1450 3016 936
2155 1709 2115
2157 1646
2160 73 2910 2683 1604 1163 4275 583
2161 4609 2543 1086
2162 1424 4077 4167 4083
2163 1940 933 2488 2115
2164 677 194 1087 1709 91 2194
2165 677 1709 5641 1610
2166 1448 3822 1644 3409
2167 1265
2168 1119
2169 2194
2171 1265 677 4977
2172 4077 1087 91
2173 548 1119
2174 2105 4077 1940
2175 91
2177 677
2178 1940 91
2179 1265 4977 1646 677
2180 677 4977 4083
2181 1448 3766 4832 91 1086
2182 1747
2183 5785 3766
2184 91
2185 4077 5810
2186 1644
2187 1610 1265 2194 1140 1087
2188 91 1448 677 1050 1968
2190 2668 1714 3481 148 1265 2906 2894 5994 75 1136 3469 437 709
2191 1714 1265 4446 75 330
2192 4706 936
2193 698 933 1940
2194 1523 3938 3222 1945 75 4577 3418 1406
2195 91 2967 3418
2196 1504 5641 5327 4829 2437 3840 4476 4515
2198 691 5051 709 4275
2199 5170 150
2200 587 1644 839 139
2201 677 3310 3426 91 1050
2202 1888 1578 4476 5810 1259
2203 677 91
2206 461
2207 329 194 5603 587 1504
2208 3408
2209 720
2210 2840 933 677 5331
2211 838
2212 4938 2270 3730 4541 2158 4476 318
2213 2158 1504
2214 936 2879
2215 236 4602 1968 4476 1732 1578 1259 3686
2216 1086 720 148 1610 548 2924 91 958 698 1406 3072 1087 1833
2217 5603
2218 2194 3731 4832 91 2640 2426 481 1610
2220 720 3524 4092 933 1929
2221 3418 1406 150 1347 1014 4167 3310 3421 3094 698
2222 3439 3744 1940 3686 2984 2894 2105 1529 1864 720 1140 4083 1961 1136 479 5331 3790 91 5954 1316
2223 1353 2894 5448 3408 2019 4494 1537 1715 1100
2224 4275 5448 148 4087 4083 5468 1523 3299 5263 4769 2894 1241
2226 2840
2228 1163
2229 1389 3822 2984
2230 1940 1425
2231 751 2014 4083
2234 1883
2235 1888 495 4083 3310
2237 2019
2238 751 4645 1888 4077
2239 4083 4789
2240 1709
2241 1504 194 677 236
2242 1979
2243 207 1610 1078 1529 2840 2543 126 2984
2244 698 1968 1732 4476
2245 2115 3016
2246 1050 1578 3408 3426
2247 5231
2248 1504 4446 5017 2867
2249 91
2250 1124 1610 3819 1715 4446 2450 2924 1136 1265 91 3469 126 4083 2668 3646 1644 1050 3201 1583 148 3283 1775
2251 677 91
2252 4083 1888 1957
2253 91 4645
2254 150 1347 1957 2426 91 548
2255 91
2256 342 91
2257 4083 91
2258 1888 691 5302 5603 3481 150 1604 91 5810 318 1406
2259 1700 2426 91
2260 5331 2426 91
2261 479 2426
2262 91 677 2194 2426
2263 91
2264 3819 401 3091 4083 2243 5618 2426 3094 1265 91 720 3085 933 4755
2265 677 5603 91
2266 677 91
2267 3052 4608 677 5331
2268 91 677 1087 2194
2271 936
2272 2917 4077
2273 677
2277 1775 4518
2278 3481 3052
2279 4948 709 1185 5327
2280 1864
2281 139 709 4446 1711 2543
2282 4446 1185 2778
2283 2115 2840
2284 726
2285 1883
2286 1504
2287 2543 1504 698
2288 1560 1273
2289 3840
2290 1883 4813 1185 1747 1018
2293 139 172
2294 1888
2296 1316 3283 1050 1788 751 3819 2121 1545 527 1086 217
2297 4446 1722
2299 2243 933 2115
2300 172
2301 1644 1646 1732
2302 1217 5810 4591
2303 1979
2304 194 4087 1450 4275 1732 2426 3560 4003 1202 3481 4092 2105 5331 3072
2305 4275
2307 1940 423
2308 1610 933
2309 1644
2310 1888 1218
2312 139 1883
2313 3481
2314 3822
2315 1610
2316 3840
2318 3418 1610 896 3052 4275 4083 677 1732 1578
2319 4275 4167
2320 2543
2322 4446
2323 1896 2426
2324 1529 172 3408 2130 3548
2325 1448 839 677
2326 4275 2062 236
2327 677 1775 1968 1610 4515 1050
2328 3766 4446 3822 677 1050
2330 677
2333 3822
2335 3822
2336 1940 4167 4518 1050 3766
2337 1259 4446 677
2338 677 4977
2341 2780 4518 845 1446
2342 1940
2343 2115 1940
2345 3389
2346 1940
2347 4446 1583 4077 2879 698 1259 3418 933
2349 677
2350 1615
2351 1050 194 1523
2352 342
2353 4124 3624
2354 1940 3310 1087 3766 337 1450 1050 677
2360 4077
2361 5603 677 5810 4518
2363 1610 677 1050 1968
2364 677 1732 1610
2365 751 1578 677 3501 5810 2879
2367 1050 4167 5810
2368 677 126 1265 1136 4680 2894 2879 2062 1457
2369 1604 4083 1050 4518 1610 677
2371 1420 3418
2374 1610
2375 330 5385 4476
2376 3481 933 5810 1265
2377 2917 5327 2426
2379 677
2380 1394 933 5810 1888 4515 1940 4446 1504 1604 677
2382 1394
2383 4695
2384 845 337 1775 2626 677 1722 1578
2385 2626 936
2386 4124
2390 1940 677 4275
2391 3126 587 150 1888 1968
2392 1050 1610 1446 4476 1646 698
2393 4083 5673
2394 1086 4446
2395 3481
2399 1732 933 5017
2400 677
2401 330 4645
2402 933 5810 4077 677
2403 337 1259
2404 1504 4077 4446 5603
2405 2780
2407 2488
2408 936 4077 677 4608
2409 1421 2626
2411 123 5331 1180 1888 677
2413 5810 677 5448
2416 126 5619
2417 126 1300 1968 172 3560 1050 4645 4678 1888 4082 773 5044 1951 1654 4814 995 623 4308 2271 647 1265 751
2418 3222 172 126 4935 4788 3481
2419 2019
2420 126
2421 2115 126 3481
2422 2780 1259 126
2423 194 1412 1259 1353 4602 3039 1136 2105 4275 3819 1014 2059 148 3283 4167 4645
2424 3217 3072 1202 172 194
2425 4591 3299 3822
2426 3545
2427 1136 3766 3646 4083 126 3481 1265 4446 1050 3469 2924 720 4087 4003
2428 5810
2431 1747 1259 933
2432 4977 2014
2433 1888
2434 1610
2435 3481 1888
2437 4645 1259 3222
2438 698
2439 1185 1446
2440 4083 1940
2442 4977 1732
2444 5619
2445 1273
2446 2879 2017 2683 4769 145 751 4275 1504
2447 1888 4814
2448 1368
2450 172
2452 3418 4800 2105 1545
2453 1057 5275 194 5274
2454 4769 5687 292 2543
2455 4476
2456 5456 5634
2457 3481
2458 1504 1883
2459 726 2879 1273 5017
2460 410 172 4275 4591 258 292 1490 4788 3072
2461 1259 1050
2462 1929 3052 4083
2464 4275 2879
2467 3052 1163 1545
2468 698 1202 318
2469 1136 3481 1501 2062 5385 1265
2472 337 4645
2473 4476
2474 4083 5327
2476 677
2477 1732
2479 1940 933 751
2480 933
2481 2543
2482 587
2483 5385 172 587 2801 1018
2484 4167
2485 194 1596 3385 2840 4275
2486 1504 5017
2487 1888
2489 148 172 479 1583 2626
2490 2780
2491 1883 1504
2492 1883 1086 1987 139 5017
2493 2040
2494 4077 2238 3822 1997 1504 1259
2495 1504 3822
2496 1604 4645
2497 236
2498 677
2499 4977 677 1450
2500 148 145 4082 4591 4755 172
2501 1646 4977 172 4446 4275 3822 1446
2502 3510
2503 1811
2504 1087
2505 677 1604
2506 1811 203 1888 4446 1529 4275 4077 5072 677
2507 2238 3822
2508 933 1259
2510 3408 5448
2511 3822 4077
2512 2014 4977 1446 4077
2513 4077 4977
2514 4077
2517 698 4977 2014
2518 4077 1604 933 4977 4446
2519 3330
2520 1421
2521 751 933 1604 1353 677
2522 3481 5051 1940 677
2523 677 1646 4518
2525 3646 318 4167 1265 1646
2526 1259 3819 4680 3469 148
2527 1670 1086
2528 1504 3222
2529 4275
2530 1596 5298
2531 3819 1888 1578
2532 3072 3481 241 928 992 150
2535 3385 292 2543 1450 2840
2536 4077
2538 194 148 1062
2539 3481
2541 4275 172 751
2543 4813
2544 2543
2546 4275 2158 1504
2547 4124
2548 4494 5735 2021 4082 1136 5052 3299 172 1406
2549 3938 2894 1259 3481
2550 3766 2105 4003 1202 1596 1265 1136 1112 3830 4275 148
2552 2426 4446 1732 3481 5051 4832 2840 1883 2683
2553 3201 2187 150
2554 2271 1014 1711 3481 1732 2091 194 1136 4275 172 3039
2555 4541
2556 150 1732
2557 677
2558 933 150 1888
2559 1940
2560 4755 3481 4645 4275
2563 1050
2564 5810 318
2565 150
2566 4083 3161 2879 4087 1412 1406 3819 1353 4167 4609 2105 2626 1202 5044 194 838 2187
2568 4167
2569 4935 5302 1412 992 3749 1241
2570 150
2571 1078 4608 1732
2572 1604
2574 698 152 2115 933
2575 978
2577 172 670
2578 1504 5017
2579 677
2580 1888
2583 4645 1424
2584 1779 172
2585 3517 2984
2587 2243
2588 4645 1389 5170
2590 1610 1779 1646 4446 1578 194
2591 1018 1883
2592 1504
2594 2780 5603
2596 5687 1227
2597 1490 3516 3517 4077 1018
2600 677 1259 203
2601 1615 2014 3481
2602 1316 1654 1018
2603 4977 1888
2604 1259
2606 1450 194
2608 3766
2609 337
2610 2115 936 1722
2611 5603 1050 2105 677
2614 194
2615 194
2616 1644
2617 2115 1446
2618 1050 1265 5810 677
2619 1124 4589
2620 3840
2621 1615 1940 936
2622 677 1050
2623 1610
2624 2096
2625 5603 726 4813
2626 936
2627 1644
2628 2906
2630 1811
2632 410
2634 3418
2635 1087 4083 2105 1644 677 495 375 1968 1504
2636 194 3766 1775 3624 4518 1050 677
2637 677 4083
2638 677 3389
2639 2879 5072
2640 1050
2641 677
2642 3389
2643 1316
2645 4977 1504 978
2646 1529 4275
2647 1604 1504 5810
2648 4275
2649 1888 1999
2652 329
2653 5571 828
2654 318
2655 4275 1732
2657 1450
2659 933
2660 172 5810
2661 5051
2662 1185 1883
2663 4275 4167
2664 172 1140 1711 3749
2665 2626
2666 172 3222 1578
2667 1273
2668 698 2967 4977
2669 2115 172 1259 2910
2670 2506 5687 2626
2671 587 2271 5155 1747 1958
2673 2394 3481
2676 1747 1523 172
2677 2778 172
2678 4167
2679 1883 172
2681 1223 3819 587
2682 4446
2684 5448 3256
2685 4645
2687 1284
2692 677
2693 5327 4515 2437 4476 1864
2695 1883
2697 1504
2698 1316 172
2699 5878 1050
2700 2175 1578 3052
2701 3052 3819 4645
2703 1050 4167
2705 4977
2706 1940 677 1968
2710 1450 194 1050 677 5810
2711 677
2713 677
2715 2984
2717 330 5327
2718 677
2719 1883 5331
2720 2158 2683
2721 1087 3052
2722 1259
2723 677
2724 2984
2725 1086 1078
2726 4977
2729 4083
2730 330
2734 5634 4645
2735 2115 1050 3418 677
2736 1018 677 330 1883
2737 5385 958 933
2738 4645 5072
2740 292 1018
2741 1940
2742 4645 1888 1578
2743 3819 1136 742 1747
2744 194
2745 4077
2747 2792 936 2014 337 4124 1940
2750 2984
2752 3439 527 3618 337 3091 1087 992 1265 2894 742
2753 933 5810
2754 3283
2755 1259 194 4167
2756 4680 751
2757 4977 1940 194 2014
2759 236 5170 2104 698 1968
2760 194
2763 3481 3469 4814 4800 4476 2978 2245 4446
2764 5970 1779
2765 2879
2767 194 677
2770 677
2771 5970
2772 3385
2775 4077
2776 3819 1504 5810
2777 1353
2778 1940 4083
2779 330 194 4275
2781 1940
2782 1050
2783 4083 2488
2784 1050 1087
2786 992
2787 3222
2790 3766 677 207 4518
2792 1644
2795 3310 4515
2797 1811 2194 1446 5170
2798 1504 4645
2799 2062 677
2800 2014
2801 1086 4167 1940 677
2802 698 2014 933 3790
2803 4476 236 1446 2488 1811
2804 4003
2806 495 1265
2809 2543 1610 1504
2810 5634 2780 1273
2812 1940
2813 2115 1940
2814 638 4275
2817 3749 2640 4083 1265 1940
2818 4275
2819 3389
2820 677 1646 4977
2822 4977
2823 4977
2824 677
2826 677 4977
2827 3222 5331
2829 3501
2832 3840 1259 3481
2835 1644 1747 4083
2836 1273 4271
2839 4077 3819
2841 677 4476 2840 337 2488
2842 1646
2843 5641 1140
2845 3330 423 677
2846 3385 1732
2849 1050 1610 2115 1087 3418
2850 4275
2853 1888
2855 1353 5331 4275 3310
2856 677 1265
2857 330
2858 2543 726 1883
2859 1448 3052
2861 4977 1529 5170
2862 4476
2864 3222
2866 4769
2867 3822
2873 1406
2874 2194 236
2875 1504
2877 587
2879 933 677
2882 5810
2885 677 1811
2887 677
2889 5810 4518 677
2890 677
2893 2014
2894 1888 4083
2896 1448 1888 4275 1450
2898 1644 3507
2899 1888 2062 933
2900 1604 3507
2901 933 1610
2903 1957
2904 4476 677 3418
2907 1940
2913 677
2916 691
2917 1940
2918 4476
2920 1578 845 3822 638 1050 677
2924 1732 2075
2925 2840
2926 1644
2930 2115 698
2936 1450
2938 1940
2941 677
2942 4645 1604 3052
2945 2194 1940 1644 2105 2115
2947 2104 2115 1610 1050 677
2949 4977
2950 4645
2952 1644 677
2953 1883 1504
2957 1328 1978 2813 410 530
2959 978 992
2962 5641
2963 2105
2964 2194
2967 933
2969 410
2970 4083
2971 4788
2972 4446
2973 3840
2974 4385 698 1163 1050
2976 3731
2981 5810
2982 3822
2986 330
2990 1864 1316
2991 2984
2992 3481
2994 2488 1979
2995 933
2996 1779 4083 330
2997 1316
2998 1888
2999 2062 698 330
3000 5331 5946 330
3001 933
3003 677 4608
3006 1732
3009 4645
3016 1732 2062 1610
3017 2194
3022 1086 1979 3501
3026 4446
3031 5365
3035 1709 1779
3037 5170 5448
3038 4003 677
3039 5785
3040 677
3041 1644
3042 1018
3043 4275
3044 3749 1747
3045 1979 5331
3046 3222
3048 1883 1273
3054 3624
3055 933
3057 5410 2879 5603
3058 1940 3310
3059 698 2105 5810
3062 3790 2819 1951 1136 1265 3091 1085
3063 1446
3066 1265 3819
3069 2470
3070 1163
3073 677
3075 2819 1732
3076 1644
3080 2840
3081 1732
3082 4003
3084 4083 1316 4589
3087 3481 4761
3089 1888 1968
3093 4083 2115
3094 5017 1050 4275
3095 2115
3096 4275
3097 4275 1604
3098 933
3103 1888
3107 3588 4446
3108 5603
3109 677 2115
3111 4608
3112 4706 1050
3113 3822 698
3115 677 1811
3120 4077
3122 677
3124 1050 1604
3126 4275
3127 1100
3132 5537 1172 861
3135 983
3136 1644
3137 698
3140 4605
3141 4275
3143 2840
3145 5810
3148 1732
3151 5331
3152 1896
3153 3072
3155 4859
3156 677
3157 677 3822
3158 677 4167 4083
3159 677
3162 698 2115
3163 698
3167 1940
3168 709
3175 1940
3177 3501 4935
3178 751
3180 4755
3182 1223
3184 751
3186 1610
3189 1504
3191 1732
3192 2091 4275
3198 1779 1504
3200 4077 1940
3204 2543
3205 4167
3209 5331
3218 2819
3224 3822
3226 4077
3227 3452 2238
3228 2780
3229 1747
3230 2840
3238 3011
3251 4385
3254 1604 1450
3258 5385