0 5170 150 1414 1412 720 332 1087 754 5473 2635 3838 4061 1264 230 3331 530 3227
1 1940 3156 2795 1841
2 5315 2795 423 6014 4256 230 441 342 3558 5785 5170 332 5989
3 3065 4310 179 2245 200 1414 3175 3646 1242 5518 3208 3039 2320 2379 4114 896 88 1347 2771 5790 1841 2049 2795 4807 4056 3361 1850 4783 5490 751 5468 5946 1264 5124 1610 5170 1181 3558 89
4 936 2984 5563 332 2867 1977 3646 1841
5 2809 3473 3156 754 1596 3558 98 332 172 1559 5721 150 5490 1957 2105 4598 1181 2035 4587
6 2270 1578 2506 677 1414 1555 1181 332 3083 3822 4587
7 150 1911 1141 2795 3830 530 332
8 3460 5315 1181 2809 332 1141 4981 5785 4124 530 1779 342
9 150 5473 194 1181 3000 5989 3558 98 754 5170 3830 3053 3311 5785 4515 5052 2802 5395 3473 1414 5721 332 342 2795 298 883 4061
10 136 307 332 3123 3156 5785 1841 883 1181 342 1028 238 1911
11 5785 530 1087 1940
12 423 1979 720 332 1598 4865 1578 4056 5315 1414 2795 530 1316 4061
13 5422 330 3156 150 623 3176 2917 754 5170 1347 1779 191 1457 332 1264 1414 3065 423 4515 1242
14 2795 1578 4056 332 1979 441 5785 4256
15 330 88 1977 1388 423 5578 5395 3065 1841 332 5422 89 3011 5170
16 3831 1388 1841 1596 1779
17 98 4981 3558 423 530 1646 1388 5721 2795
18 332 1483 2877 4056 89 839 2062 3156 307
19 2795 3558 1977 5731 3011 5490 98 1414 5473 3473 1028 150 1811 5422 1181 3176
20 3646 1242 3473 4056 4587 2897 423 1841 530 89 5170 5563 1388 3123 839
21 1446 230 1414 238 1457 2917 1483 3156 5069
22 5315 2121 5989 6038 3123 5170 5490 332 754 1141 2783 2795 883 230 4587 5422 2021 3156 5578 5395 1028
23 754 307 4577 4725 1483 3053 2795 1020 5563 3083 5785 89 2809 136 883 992 5721 230 88 4061 3993
24 1596 1732 3217 3123 115 150 136 1217 148 1850 1940 3749 3361 2022 2394 2049 1202 1644 1642
25 1202 1911 1141 2795 5490 3646
26 5721 754 883 332 2121 2379 3558 5652 2795 3460 5989 5170 98 230
27 3558 4769 307 2394 3123 5790 1841 441 5490 1793 3646 4832 332 1457 89 2450
28 3227 441
29 238 5563
30 5989 5170 2795 1202 270 3646 4056 1841 5490 2070 5721 1596 2809 1979 1977
31 3731 1957 751 582 3156 1414 1953 4932 3646 1050 89
32 5785 1202 1087 5490
33 1977 1841 1414 5785 1979 883 3646 5989 307 2809 5563 4981 3558 3123 1457 332 2021 342
34 5989 3646 337 1545 3691 5490 4605 2795 1841 495
35 1202 3065 1181
36 1227 1202 5578 1793
37 1028 5785 307 3822 1181 1779 2795 3011 1979 342 5315
38 1106 1414 3938 1977 754 2897 98 1841 1163 4577 2978 527 2610 530 942 89 1483 307 5490 2500 194 3361 883 3686 292 5473
39 2635 3156 3123 4040 3790 2231 332 3558 1977 2917 839 1388 2897 1457 1116 1483 136 5170 4605 1841 5790 4056 754 5410 5490
40 5032 5422 332 3646 4762 238 5989 5490 1242 5721 172 5563 89 3227 3558 2069 410 1841 307 754
41 3686 330 1414 1841 2379 1388 2795 5410 3558 1779 4515 530 754 423 236 5170 3156
42 2795 754 5578 3473 2379 1414 3123 3558
43 3646 270 136 5170 437 4515 5721 889 307 5331 2500 1716 1483 1414 2320 2897
44 3227 1112 1020 238 150 3558 754 5790 2978 3000 4598 4605 1264 98 172 3083 883 4587 5422 5721 2130 35 3731 139 5989 1559 5392 992 530 495
45 1242 2795 5785 3558 230 4560 342 5392 1779 868 883 1181 5721 4981
46 5785 1578 1028 3460 2795 4800 307
47 298 5069 1716 1087 530 3227 2783 1181 332 2105 720 3691 2245
48 136 2795 4800 64 3176 1483 1351 1716 307 754 5490 139 1979 4061 3331 3731 5867 5785 1020
49 1483 2795 307 4981 2231 3646
50 89 5989 5563 754 3227 1841 238 3156 4762 307 2867 4678 1264 2906 5721 1457 896 2897 1414 332 2105 3065 4865
51 4577 1264 5446 1841 230 2245 754 1957 5721 883 1716 89 1028 1457 2808 839 136 5170 3331 1420 3558 3000
52 2022 3156 4056 5490 1181 3123 1555 236 98 1942 332 530 2076 2795 2379 3558 1841 1087 1388
53 3283 332 4605 1841 1202
54 5473 5310 1578 754
55 307 4932 5687 1716
56 3123 855 3065 148 89 5870 5790 3749 5732 2610 307 868 1000 4932 1202 2049 1711
57 1841 2130 1181 330 1412 1414 3056 1559 4800 2270 3083 2379 3611 530 1347 5395 35
58 1202 495 89 2069 3123 136 3053 5785 1483 2270 2795
59 839 115 2917 1483 1850 423 5170 1623 3646 1747 4948 2021 5970 5473 307 3611 1172 1642 3361 1711 1181 3518 136 1116 1596 6000 942 3331 1841 5870 754 1087 2320 5116
60 5954 2795 2021 1301 136 3083 2069 441 3646 1202 3156 89 307 1559
61 332 2795 3686 1181 411 530 3473 200 3460
62 1596 89 1841 5721 3201 230 5790 2270 3156 307 2021 3083 3123 136 530 1301 441 2069 2809 2795 1559 5473 1911
63 720 1940 2978 2019 1181 423 1087 2783 172 3473 3398 230
64 230 5392 754 342 3123 2130 330 1559 883 2795 5989 441 1457 1412 5395
65 1979 530 5578
66 3083 3822 3646 89 5310
67 754 3611 307 230 3123 238 3104 1414 136 889 839 98 1087
68 5468 1500 3208 754 5448 89 1841 2867 121 3083 1414 5473 2049 2785 5867 3065 2582 4061 1264 5302 179 5790 2500 1924 5721 690 1351 5098 1793 2610 5993 1911
69 3123 3065 3053 89 530 270 1163 3646 3083 1841 1942 1953
70 4587 1181 1911 5989
71 4463 172
72 3822 751 3646
73 1301 5867 1116 3646
74 3053 2270 3156 136 530 5490 307 5790 1202
75 4605 1596 2917 2105 5989 754 3156 307 3011 3123
76 332 1779 3227 4077 5578 5456
77 2795 1850 332 172
78 136 2245 3123 3083 2270 754 1979 2795 3831 1412 1087 5473 2320 530 1911
79 35 5790 3646 3822 1942 1202
80 4275
81 2121 4310 330 3686 5578
82 1559 2795 5989 1346 3408
83 35 2021 3123 5785 2113 839
84 1181 98 3558 5490 150 5248 2795 3000 423 64 1242 298 332 172
85 3731 3408 910 1841 89 4061 5790 1414 3938 883 1977 2917 754 4800 1446 2062 3123 3156 4515 4605 6000 3010 1116
86 136 530 1555 1523 2130 883 3083 2795 441 1202 1545 1957 3646 3313 4124 1747 1087 1265 121 2917 1141
87 2167 839 2379 1596 1202 3123 182 754
88 4769 5989 1412 5563 4680 5410
89 839 2394 868 3646 1483 3123 89 307 3510 4807 3056 5563 1841
90 4807 136 1087 3176 530 1957 3123 1841 3473 89 2270 5473 3646
91 89 5395 1202 3822 3010 441 889 2795 3083
92 4591 3083 754 5721 2022 89 3156 2795 4515 238 1559 136 3176 5785 5310 3331 495 4061
93 1550 1483 1202 89 2270 889 307 1841 4680 3083
94 1841 2270 1202 307 5490 3083
95 5170 754 1412 3123 4446
96 1596 1841 5989 1642 1977 3331 150 5052 3201 4577 2984 3460 2075 3272 5473 1172 2759 3473 4800 1202 332 2808
97 5473 5490 5721 4800 992 5170 1841 2245 3473 307 754 3646 3083 530 136
98 3053 3083 5385 5790
99 5946 3083 5052 4056
101 172 1181 4515 3830 1841 3822 5395 332 3840 6000
102 4577 332 677 1747
103 1414 5790 748
104 3731 3331 5473 1924 754 89 3822 726 1124 5867 5490 3545 230 4587 5721 2809 2088 4577 4598 238 5785 1779 1264 1420 5000 73
105 194 238 1841 1977 5170 754 5490 1979 332 298 3558 3830 150
106 332 1018 5170 4605 1779 307 3065 3123
107 1301 307 3646 3460 2130
108 726 530 2062 3011
109 136 1911 4800 1483 691 132
110 136 4605 3176 4932 5392 307 3123 1483
111 452 2795 5395 1181 3408 1841 3473 1414
112 6014 4827 3053 441 150 2795
113 530 883 3123 2906 1523 1977 307 1841 1301 5721 441 2795 2270 5392 5867 1087 4577 3646 1957 5473
114 3065
115 5170 332 3545 5785 1181 1414 3473 5445 1911
116 1716 307 89 5537 5473 1242 2897 332 423 1559 3123 5422 136 5989 3460 3646 754 5445
117 1642 530 1181 1242 1596 1202 2795 1850 115 5790 3123 2022 3217 2049 5970 3053 307 2270 3460 3083 5473 1646 5392 3176 1841
118 751 1202 3083 1559 3123 136
119 1202 307 1747 839 5490 3123 136 495 2795
120 3083 1202 2270 3123 2271 1977 530 2967 136 1841
121 332 96 5170
122 136 238 3083 1841 307 4605 2270 89 1957 1979 1087 3123
123 1483 230 1116 4587 3123 1202 5785 5790 3838 4605 2394 79 2795 307 136
124 139 4061 3083 5721 3331 495 238 3558 530 883 2130 3830 1347 1124 332 342
125 1018 3646 2917 3083 5785 307 1202 1116 89 2021
126 1202 2795 307 1018 3083 1414 1979 3822 89 1050 136
127 342 3083 2130 3558 3516 4678 1414 3156 5422 238 3731 5473 4587 530 5721 98 754 330 3993 35 1020 2917 139
128 5490 3201 2271 2500 3083 1596 1714 1264 1412 2897 2113 2795 1112 3331 754 5721 307 1265 73 3518 839 952 5473 3123 1020
129 1242 4829 4807 194 3123 1388 3156 4645 307
130 3646 307 1202 3123 530 2795 1116 3822 89 889
131 495 2795 1911 1979 3460 4124 3473
132 6038 136 3969 623 4577 121 2271 3331 307 130 1420 292 1116 3083 2069 754 1264 1911 1347 530 5473 1141 1559
133 3053 342 2795 5867 1559 1850 1555 5785 1977 3123 1979 3646 530 3083 5490 4800 1301 89 1116 1202
134 754 172 1412 2069 307 1020 2795 3731 2809 5721 2867 4695 2897 3156 5790 1414 1841
135 5170 3611
136 2121 3611 1414 3473 5473 1087
137 35 2809 751 2917 3156 136 3473 1202
138 1483 1841 307 868 5310 1202 89 2917 150 5395
139 1009 3558 3646 3473 3201 754 3156 3123 332 1642 35 2610 2270 3053 2130 1202 5410 5473 2808 1559 1929 582
140 3766 3822 4577 3201 1596 1202 3460 1087 2167 530 1414 5578 839 5170 5490
141 5790 89 307 839 332 5473 1242 3176 136 1457 2021 1841
142 1087 748 3473 4056 5170
143 1388 1977 2379 1940 4577 720 2795
144 1841 3646 2130 1412 2270
145 307 3646 2105 2270 1841 3123 2022 5473
146 307 5970 530 3083 1841 2022 3683 1646 3123 2049 1265 5392 1850 3217 1264 2795 1087 1596 3053 115 1242 1202 1181 5490 2917
147 896 5785 22 1596 952 1929 1181 2867 1087 3272 234 3331 115 4800 2759 1354 720 751 1242 5327 3462 238 2379 5555 5170 3083 754 1642
148 1202 2795 3083 1116 2917 1483 1942 1346 1841 1559 2394 2069 5785 2021 307 2270
149 423 5790 332 1414 3123 3822
150 3176 3123 3646 307 530 236 1841 5578 136
151 3272 3217 751 5490 1559 2270 98 5473 89 530 3123 3361 2897 5170 3056 1483 5292 1242 2049 1850 2320 6038 1644 6000 136 1766 623 3518 1841 495 1596 307
152 3473 1779
153 2795 1414 4056 5170 5785 150 5946 3083 6014 5989
154 1979 1957 2062
155 89 1841 5989 889 3083 5721 5563 1559 307 1412 2795 1301 3156 136
156 2270 136 89 3056 1779 3646 35 307 1559 1957 5170 3123 1483 1942
157 5490 5867 3646
158 2795 332 423
159 2062 2795 332 720 5395 3822 1181
160 3473 1559 342 530 3083 230 1301 3053 136 2795 89 3123 1202
161 5331
162 332 992 1977 3123 754 720 1388 298
163 307 3123 1202 3646 136 868 3053
164 1841 3408 307 754 4680 4591 2394 3123 6038 5490 1181 89 3011
165 4807
166 3822 2270 1412 136 3646 754 3123 1414 1202 1559 5785 1850
167 2062 883 2500 839 1977 1264 5721 942 754 2022 2802 2897 1414 5790 3408 5563 5069 18 136 150 89 307 126
168 1457 1841 332 423 1242 4678 3473 3558 2795 5395 150 3065 495 98
169 332
170 5170 292 754 1412 5634 4577 5456 5473 5392 5989 332 2978
171 2795 1394 1732 1483 423 6014 5563 1414 3299 307 2394 5873 136 1242 1596 3558 1850 3201 5867 5473 1841 4087 2070 3156 839 3838 3056 3083 89 1751 1181 2049 1087 130 5790
172 1841 4605 330 1483 2917 4463
173 1500 3516 3517 2040 5652 3331 4310 5563 4056 2379 910 4577 1841 5490 5491 4865 3194 5578 2049 2640 3065 2445 868 4678 4114 5392
174 2245 2035 2783 2802 5170 3104 748 332 5989 292 4932 298 1716 3822 1264 530 3558 3123 4800 3460 3473
175 5395 3558 5331 3010 3123 3056 1977 223 6038 98 1716 2121 150 1242 5422 2022
176 5473 410 1420 2795 1841 839 332 4605 4932 1242 3156 3123 868 4807 1957 4577 1414
177 2121 2795 5422 2783 4463 1242 1942 3065 5170 3624 223 150 3000 4587 5946 330 332 5490
178 2062 2394 5490 330 582 1424 5403 5993 1841 1389 179
179 1181 5578 4506 307 3646 2917
180 5785 3156
181 530
182 4056 5473 5867 3156 330 88 1414 2808 5541 5310
183 1028 2897 150 5170 330 838 3156 1242 2795 2105 2320 4506 1550 3510 5200 1841
184 2394 5403 5563 2320 754 5490 910 3460 89 2121 1924 307 2867 2795 1264 4698 238 936
185 3822 530 3053
186 1414 3156 1911 530 5315 330 5473 754 1412 1227 1141 3083 1559 230
187 1202 3646 136 1942 3156 4698 1841
188 3646 1841 136 3123 3766 5785 4638 1559 270
189 3473 1559 1141 1841 332 1301 4587 2795 3083 89 1202 136 1347 883 1414 5989 121
191 1559 530 89 1202 1841 5785 3822 136 1018
192 5721 194 5785 5652
193 3053 5563 3646 307 5785 3822
194 5785 5473 3123 1483 1841 136 4061 1087 3000 5410 89 5315 307 5170 330
195 1841 5652 5785 2917 5473 3473 136 2270 495 530 1942 3123
196 1028 2795 1559 305 3766 5785 1578
197 868 1202 1559 3646 2795
198 3283 330 5170 150 1028 1979
199 2121 2795 5422 1009 3123 150 1242 1087 3473
200 1596 720 868 5790 64 1202 4932 2808 3053 1414 1242
201 2187 1414
202 3272 1747 5785 5970 136 1841 3083 2795 1929 2917 22 4948 1202 3156 1642 3650 35 530 582 2978 1559 5331 2610 3331
203 4587 4577 1394 6038 1841 5422 1483 5785 839 223 3283 1578 332
204 4040 1457 2394 754 5473
205 5541 2795 3083 2270 1414 530 148 1559 5785 2130 4577 3156 1141 3123
206 230 1420 5989 332 3331 1841 150 89 1457 1957 1610 5473 298 2635 3123 3731 3650 342 3473 2687 3830 3624 2795 2069 5422 910
207 1457 5989 4932 883 342 2795 1181 1141 5785 1596 4506 5721 1346 1028 1779 3558
208 2270 5785 1646 3686 1009
209 5473 883 1979 5392 150 3083 230 5989 3056 2795
210 1850 3749 3053 5473 2867 1242 1414 2167 5870 2130 1929 3083 5392 1714 3065 330 2049 35 3545 1596 952 1841 3176 2320 115 3201 5490 5292 896 2270 5790 4800 530 1559 3123 5721 3473 3518
211 270 1009 2270 3545 5652 35 150 1559 5721
212 1841 3176 1596 1388 3049 3000 1559 5473 1181 1779 2795 1009 883
213 5721 5996 3053 5315 1559 3083 5785 236 230 298 1716 754 5652 530 1457 883 2175 4832 121 3473 1009 5392
214 582 2049 115 5473 1483 3473 3518 2270 230 2795 5790 5870 330 1202 1841 4040 1711
215 5785 3473 172 1009 2795
216 1009 3176 3766 2795 3123 1414 4056
217 5315 754 4678 3473 298 3460 5490 530 4800 5170 2320 3123 5473 3083 121 5721 330 1412 2130 3053
218 1163 2795 2783 3460 1841 2500 1414 1457 2867 1596 64
219 5790 5170 1841 2088
220 5473
221 1911 3011 2795 1414 1347 1181 1841 3558 1559 889 4605 410 332 4587
222 1018 3646 2917 3083 136 2795 748 1979 1202 530 3473 1841
223 3156 1163
224 3545 2795 2245
225 868
226 1180 3646 3611 3123 2917 3104 236 530 751 89 1841
228 754
229 1841 194 4769 3473 2231 5989 1412 3646
230 4591 751 6014
231 2610 530 1841 1957 695 666 2682 936 1483 182 1242 5490 1163 2917 5563
232 307 992 839 150 4769 1346
234 1911
236 720 3010 5473 1020 1942 3156 2795 3227 3083 3283 5785 1550 2245 1555 332 5946
237 5721 896 1414 3083 2245 5790 5395 1979 5993 3819 2500 4310 3065 1841 5563 2897
238 1911 623 1841 1202 4769 1483 1414 136
239 5785 1841 1202
240 1841 2270 3123 3473 530
241 5490
242 883 1457 1412 3646 98 2897 2809 1264 5721 136 5873 1841 307 3408 530 3460 3123 5170 89 2320 4605 3611 1483 1116 2245
243 1911 3938 3331 1087 307 121 1841 3460 1747 2500 1457 5721 3473 5563 1596 3156 89 2394
244 1716 5721 1414 4577 4515 839 2121 2795 1116 1264 1841 754 136 3611 3331 298 307
245 3830 1604 3545 234 3176 1273
246 883 3104 3624 1264 3331 754 3611 5170 307 3156 136 2270 1087 2808 1020 89 1604 1483 4577 5721
247 4605 150 1483 4807
248 1483 1793
249 1414
250 5790 1202
251 1483 89 136 2069 2785 3123 2130 2795 5721 194 3646 441 1841
252 3123 89 2795 1202 5563
253 148 5170
254 1483
255 1841 5721 4605 2270 2245 3331 3123 3083
256 2069 1841 2635 1264 1414 1202 754 307 2121 98 3065 194 150 1732
257 1264 2105 4769
258 1116 3053 3691
259 89 2808 3611 4807 2795 4800 3507 5721 992 136 2245 337 2783 1414 1483 754 1264 5069 5473 4515 2059 3510 2271 1654 5170 307 1020 4577 73 4832 1779 530
260 307 5563 4605 332 5490 1841 1202 4807 868
261 441 3065 3830
262 3830
263 1841 2867 1346 2088 1977 1163 2610 5721 2500 883 1924 2795 3156 307 3053 1141 5652 5785
264 3083 1559 1483 3123 2795 1116 4605 5473 3065 1202 3646 270 5989 1841 89 121 136 2320 2270
265 2062 3646 3460 1751 307 1483 1202
266 1242 5315 3408 992 307 2035 1483 5331 150
267 1850 4310 4275 337 318 2608 3408
268 5563 1202 5490 2795 2130 1301 1841
269 441 1446 5473 3646
270 1018 3208 179 4645
271 3156
272 5490 4605 1841 4256 3611 89 1483 2506 307
273 3460 751 5721 330 3156 5490 3473 5403 3558 754 2130 2795 5170 332 883 2867 98 2500 5785 1414
274 1116 1841 3646 5310 441 868 1018 1202 5563 150 307 89
275 896 5170 4587 3731 307 839 3123 1841 5790 1242 5310 1412 3473
276 307 3646 5473 4605 1414
277 1412 3283 5721 2130 2270 2795 1841
278 1940 4865 5790 2500 936 1446 2130 1368
279 2783 3408
280 2795 88 307 1264 2897 3331 136 5000 586 1457 5989 4056 89 5490 754 1977 4577 423 5790 3123
281 1841 2978 5946 1911 3227 437
283 2897 2795 441 1841 3558 1979 136 307 5490
284 1264 3156 1116 1841 3510 3299
285 1202
286 2795 1953
287 3156 89 1559 1163 2917 3822 230 1841 441
288 1979 1793 623 461 5094 6038 5563 530 1351 5721 3588 1523 330 3156 3473 136 4605 5652 1841 4310 441
289 6038 1227 4769 1732 172
290 2069 5490 1457 1116 1942 889 3473 1979 5563 1779 4865 1841 5473 1242 2394 3123 307 3056 2021 2635
291 1116 5473 2897 2088 5490 3731 2917 2062 307 1841 4695 3611 1457
292 1483 89 307 1388 5790 2394 136 1116 3123 1716 3646 1841 3366 3156
293 3283 3832 148 548 1050 5790
294 4827 2500 5721 1368 2130 150
295 1351 1604
296 3646 307 1018 1942 3053 2917 1483
297 1483
298 1412 4678 3283
299 3227 5989 1850 1483 855
300 1116 89 2270 3766 1202 2917
301 5785
303 328 1841 3011 332 3691 1202 3408
304 3822 1202 1141 307 3460 2795 1841 530
305 1911 307 3473 2088 2500 2231 1087 5490 2610 5790 1202 1163 1841 2867
306 298 1181 307 182
307 1841 5490 3065 1347 5578
308 1163 2867 2500 5790 4056
309 1841 3473
310 149
311 1979 2500 5624 35
312 1116 89 896 2231 4056 5473 423 307 4807
313 2076 5473 3473 1251 1412 1483 2105 1264
314 1911 5473 2245 754
315 5310 586 5790 1841 2795 754 3156 238 3331 5490 1911 1116 3473 307 1924
316 1242 1841 307 3611 2022 868 3558 5518 2021 3123 410 1202
317 5490 3194 1841 1388 1264 3731 89 1351 2610 2500 1163 3156 270 307 1457 2809 896 4056 5993 3408 2795 5867
319 3083 307 530 3123 3473 2795
320 4275 3065 5518
321 3840 530 4598 1388 1087 5331 5032 3299 2795 2802 720 5315 5170 292 3056 5652
322 4695 3460 5170 2795 1116 1202 5490 1301 5867 3588 136 2245 1747 1412 1841 307 1850 1414 4040
323 3156 5490 332 2070 3473 1242 1977 1911 4605 868 2917 4981 1610
324 2394 1116 5790 3123 1841 4605 89 5170
325 1841 5785 307 148 5790
326 1457 3065 754 1841 307 238 3053 2231 3156 896 437 3083 5473 2897 5170 3123 136 1018 748 1483 1596
327 3646 2088 3065 3156 3083
328 3686 5790 307 1483 2231 1841 3646 2245
330 4605 307 2917 292 1841 1116 423 1483
331 5473 3460 4605 5721 1841 5563 150 2021 883 5785 3408 3646 1457 3065 2795 89 410 332 136 3156
332 1841 1202 270 2917 5563 3646 1483 1957
333 1942 1202
334 307 845 1483 1264 1420
335 332 868 1424 2795 1957 1242 307 5563 5578 5473 839 3053 3176 2808 1116 1977 1841 754 3123 5410 3011 423 150 194 4605
336 3611 1457 530 3123 839 136 89 5170 3331 5721 1412 992 754 307
337 4124 2917 5473 4577 1911
338 5170 3104 5403 2610 3283 1218 2867 89 292 2096 452 754 2795 1388
339 3331 754 1388 1181
340 666 3832 3065 5310 2062 3646 1841 1850 3194 3053
341 4680 194 330 1264 2105
342 5790 587 4865 4622 1596 3516 4506 1202 150 4446 410 1979 4680 332 1116 1623 691 1412 89 3460 3283 1841 1850 234 2035 307
343 868 5652 2022 5563 136 2245 2270 3473
344 330 1346
345 2795 1911 5790 1604
346 148
347 307 5790 5634 3408 194
348 1483 89 1009 4124 889 5473
349 3083 410 1578 666 194 5490 1457 1953 1218 3049 1264 5600 2245 4577 1940 1841 495 1604 89 3194
350 5563 1394 307 4256 1163 3156 5839 1841 89 5790
351 3473 1112 4605 1841 1116
352 495 1483 751 3473 936 89 1957 2500 1202 1841 2809 2610 2175 5563 1778 5490 5790 194 695 3011 3790 307 3156
353 3408 330 2809 332
354 5392 1841 1979 4807 3000 1202 4256
355 754 2231 839 1841 2917 89 4056
356 868 2917 3331 3156
357 3473 4605 868 5490 223 2062 3065 1483 307 2231 3123
358 1642 1202 5410 4807 1242 4948 234 855 1273 5790 3272 6000 4605 5732 332 1483 2231 3766 2759 751 2917 2795 328 1850 307 3123
359 2795 1301 1841 5790
360 3646 1163
361 307 410 754 839
362 307 1979 4769
363 2610 2867 1483 2917 1841 5790 2500 889 2175 5785
364 5790 677 5721 307
365 150 691 1841 1242
366 3473 5790 839 5170 3469 2231
367 1732 98
368 2867 1841 1811 3646
369 4506 5473 332 754 4605
370 2795
371 270 2231 1181 1779 307 5563 1483 89 5310 868 3156 1242 4587 5578 5490 1841 3646 4807 410 2917 150
372 89 4769 4821 3558 5446 5790 1841 1957 3156 726 582 5490 936
373 1979 4605 5170 3822 3065
374 5490 1116 5315 3408 5790 4124 1368 4865 3460 1483 1028 2019 3558 3473 1841
375 889 5392 5473 89 2610 582 5721 2795 3588 307 1202 3123
376 1264 136 1929 5395 1087 1116 5790 3646 89 2361 3624 98 307 1124 3123 883 3083 1457 1841
377 150 223
379 3156 3065 441
380 5490 2795 5563 1979 2062 3819
381 3123 5989 3176 1555 748 3156 136 1610 270 754 1732 89 1242 2795 332 1716 1841 1979 3460 5490
382 4605 1841 5603 2795 1346 2271 3123 136 238 2808 307 1242 5989 5473
383 5687 150 1181 5790 4515 136 307 1793 330
384 2917 1716 5785
385 1559 3176 3460 150 2506 2130 1028 330 5785 1242 4124
386 3083 1424 5578 1911 1414 441 2795 5490 330 5392 150 35 5473 1979 3766 3838 148 3176
387 1578 3083 1850 5993 2827 2320 3010 1940 3065 666 4003 548 4310 5490 328 4061 4114 1836 495
388 4981 4541 1028 2795 441 5785
389 342 5989 5785 1202 3646 270
390 3123 3558 3460 3156 1596 3646 332 1779 441 98 3065 2795 4605 5785 5170 307 3053
391 1242 5946
392 4587 1242 330 332 5170 754 1087 150
393 5624
395 1202 1979
396 4056 5563 1116 136 3123 1242 839 1841 3510 2795 3646 1202 4256 2917
397 3123 751 5785 136 89 1116 3065
398 150
399 2795 751 5473 150 1028 1242
400 855 4932 839 4506 1841 3123 2049 3299 5563 5490 2795 3646
401 868 307 5490 4506 3646 1202 5989
402 4577
403 332 5445 342 5785 4061
404 35 150 1009
405 4256 5310 3194 1841 3065 4725 1346 3272 548 3016 5490 6014 5563 3624 410 2785 2320 223 1823
406 5473 3838 1778 3938 4003 4061 4310 179 292 2076 2867 2088 194 3065 3473 4541 5790 3083 2270 1850 1841 5993 1555 2785 4762 4725 1995
408 2795 332 4981
409 1911 1087 5170 4587 6014
411 5170 1779 2795 4678 1087 172
412 2231 1793 5563 1841 4605 1346 3123 4695
413 5785 2795 839 868
414 4256 5170 5989 883 3558 5785 1716 332 5445 2795 5578 1578 868 6038
415 838 330 4577 5790 1716
416 342 3123 136 1202 3766 1087 4769 1424 5785
417 754 5989 307 5721 1559
418 1242 2795 3053 1346 1957 1202 441 136 6014 868
419 1751 1911 6014 5445 330 5785 5490 3460 441 150 868 1028 3473
420 2105 3227 2783 410 754 5032 2795 1264 530 1181 1716 1414 3083 2035 4310 5069 150 5170 332
421 1028 4800 3299
422 332 4981 1414
423 1242 868 1028 3460 2795
424 1779 150 330 2795 1028 5989 5785 1242
425 530 5403 1163 1979
426 1242 1087 332 1028 5785 5473 1347 839 5445 150 441 2795
427 868 5310
428 2320 150 754 1412 3558 1598 2121
429 3049 5993 1163 2867
430 2270 89 1841 1942
431 1841 3473 5785 2121 4865 2076 1181 2795
432 307 136 3156 441 3083 942 5395 1116 3646 150 1202 1559 530 1301 5721 3123 1911 2270 1841
433 530 3123 5473 3056 2270 1957 4605 1841
434 1087 1747 3715 4821 2978 3691 3409 2022 5473 5170 3076 35 194 1555 5870 150 3830 139 3611 6038 2783 423 1009 3545 3083 623
435 1116 2867 1264 754 5790 3156 1388 2795 342
436 1202 2917
437 3123 3283 1414 1841 2062 1202 307 2687 4056 3646 4769 2917 98 441
438 307 3156 751 3123 1779 754 1388 1841 1483 89 1414 5490 4605 2897 2917
439 3123 3558 2795 3408 3156 307 5790 1841 5490 5619 332
440 3408 2062 1977
441 1732 5395 307 136
442 3065
443 5310
444 5473 1751 2104 1793 1911 4040 5735 1841 423 3156 1116 1977 307 4056 236 4577
445 2917 5790 3646 1793 1163 1483 3065 2610 1202
446 6014 1779 1841 1793 3646 5563 89
447 1483 5790 1202 1841 4056 3123
448 1116 441 1841 4769
449 3646
450 1202
452 495 5473 2281 1957 1202 150 5993 5490
453 5331 1483 441 136 4859
454 3646 1841 4948 89 3361 1354 307 1596 1911 2759 1766 5410 855 1163 3156 22 2610 2167 1793 1483 936 5867 1642 3083
455 5490 3646 5785 889 2320
456 1793 1841
457 4124 1202 148 223 307
459 307 1518 2917 2130
460 5790 1841 889 2231 2897 4310 1457 1957 330 3646 1202 4056 4605 136 1483
461 1412 2245 3123 1116 3646 1841 5790 2231 6038 3283
462 307 1940 2809 4605 1264 2245 754 1841
463 1957 5790 1911 1940
464 3460 5490 4040 1202 307 1346
465 1202 1779 3473 2917 5490 1483 307 89
466 1793 5790 1483
467 1596 1646 115 5790 1394 3010 5721 5652 5490
468 1116 2795 1301 194 1596 1841
469 3473
470 2917 2021 1346 4056 4256 3049 98 441 495 1559 1623 270 1264 2897 3156 868 1457 3123 136 1116 6014 4515 172 3646 1841 5170 5395
471 6014 1202 4769 1116
472 1116 1979 4680 5790 1202 1141 441
473 1202
474 136 2021 89 868 441 3156 5518 1483 3408
475 332 4605 754 2795 1202
476 3548
477 4605 1172 5790
478 1347 5790
479 3123 3331 1028 1483 1841 2917
480 3065 4382 5473 3217 168 3790 3460
481 2394 1202 136
482 1116 1202 5490 89 839 2917 292 3053 136 889 5785 3646 5790
483 5473 4056 3646 3473 720 5790 2062 1424
484 3646 1957 236 3065 5790 1841 4056 992
486 5310 5170 1181 1382 3830 2040 3331 2783 2121 3460 2021 4829 1841 1264 1388
487 5490 3123 3473 3646 441 4056 1202
488 307 1841 2270 5790
489 5790 1747 4605 3083 307 1202 1087
490 1202 1942 3283
491 423 332 1457 1483 2062 2917 89
493 2088 5490 5721 1202 5867 1087 5563 4695 1979 5790 3083 1163 3331
495 3611 1841 1483 4605 2130 5392 2270 5721 1202 35 1346
497 3766 5721 88
498 896 4800 1202 5954 1793 3039 2231 1124 1087
499 4725 194 2897 1414 4114 1218 1841 4678 2785 441 5563 4515 3065 592 2046 3969 1264 238 4832 4865 223 3832 1028 3510 2379 270 1850 179
500 5410 1316 754 132 1610 1841 5473 3156 2088 1388 1414 942
501 5624 3065 3646 1841 5790 5578 89 1793 2610
502 3156 1116 410 150 5790 530 1942
503 1483 4275
504 1732 1716 1841 5490 1483 5392 423 307 1414 136 5790 754 1610
505 1242 4577 238 1716 5563 3731 754 2022 1264 3156 307
506 3646 3731 5331 5721 4829 5395 2022 423 172 3691 1181 1087 1841 1264 5473 5790 3460 1483 3331
507 1202 5790 4056 1841
508 936 1202 1087 1793 3646 1841 5578
509 3646 2022 2795 754 1841 3331 2096 3822 1414 307 4769 4056 6038 5170 194 4605 89 1457 1264
510 332 2394 1181 5490 2231 4769
511 1911 1793 5790 1979 2917 1202
512 441 3053 307 2500 936 1942 1841 1242 5721 3646 2610 2795 1979 889
513 1202 3156
514 1483 5473 5785 5731 332 1141 1841 136 3123 751 307 2021 89
515 495 3558 5790 1457 2500 1555 1483 1018 3646 1087 2088 1957 1623 868 270 936 736 2867 4515 194 1841
516 2819 1841 330 2840 1850 855 4114 179 2610 3331 3065 1823 2500 4310 1264 1163
517 1979 5490 1823 1141 89 64 5578 3490 4680 495 4506 1942 410 3065 530 4832 1446 4310 3049 910 5422 2022 1421 2626 98 5098 1968 5052 5735
518 3460 3473 3123 1957 1116 1793
519 1604 1354 666 5873 1823 5993 2984 4762 3832 495 3065 5468 179 5052 2069 4061 5618 3715 1841 3272
520 4605 754 3123 2231 3053 194 1610 1911 307 530 1483 136 5170 89 330 1957 332
521 1346 2394 4506 236 441 1116 1181 307 3473 4056 5563 5490 2795 889 3123 136 6014
522 3049 1841 855 1957 1389 3065 4275 751 1087 2785 5490 720 1446 5448 677 2021 4167 1823 179
523 5490 5274 3646 307 2795 3156 3460 530 136 3053 1483
524 1924 1112 2022 5790 4577 3000 172 1264 89 1911 2917 883 1841 2819 307
525 1911 4605 4807 2795 5170 748 1414 2635 391 307
526 1009 5490 148 4310 1850 4577 3590 5473 1218 666
527 2059 695 3156 5563 1732 1242 423 4587 3830 3123 3558 4605 4589
528 3065 342 307 3123 3646 136 1368 1841 5652 495 2795 1414 354
529 1483 1779 3715 839 298 1841 1716 754 2245 3299
530 1841 2917 307 1181 4310 3611 1242 3731 148 3065
531 5721 4256 89 592 495 5116 4310 5600 1841 889 5989 5790 2062 1578 1106 5468 3838 318 1500 4061 4981 5993 3460 1911 2076 1823 1555 5490 2564 1850 5473 1181 330 3175 1424 3176 179 3011 1163 1457
532 1836 5490 1940 5993 2076 89 1202 3010 4800 3083 150 751 3065 3156 2246 1841 4310
533 3065 4310 3083 751 89 1841 3473 3053 1414 748 3418 5790 1578 3969 1779 5785 1775 3015 1850
534 89 2795 1841 4807 1141 3646 5170 3473 5563 3558 307 4605 5310 1202 1201 868 1483 5473 2021 150
535 238 150 1116 223 4698 332 230 1242 5563
536 3646 1346 794
537 1394 5563 2867 2795 3217 2809 5473 3646 2049 5870 1732 3731 115 3624 3201 5732 5292 1979 2320 1596 2917 1100 423 410 839 307 2167 5310 5790 5578 1388
538 4605 1841 2897 5790 89 236 136 754 1301 1598 5170 5721 3123 172 5490 4515 98
539 1242 1116 332 4577 4605 1841
540 754
541 4061 5993 1940 330 1979 2104 1716 666 1841 5673 3065 148 3083 2500 4310 2610 1957 2320 3646 2867 3832 1009 3053 5490 2450 89
542 1112 1732 3731 3299 1414 4056 839 5790 1841 194 307
543 4769
544 5790 2379 4275 3156 3065 1850 4695 3194
545 748 3558 292 1940 1995 1841 2809 1751 2069 3016 1836 4061 5170 1747 4056 3510 5473 2076 1347 3180 3590 2978 5395 896
546 172 298 992 150 1414 754 307 3176 3083 89 1716
547 4587 2783 150 1412 2320 330 5170 1388 754 2121 5032 5490 3558 3176 5578 5989 1559
548 3053 5473
550 3123 1483 172
551 1141 5785 2610 1929 1545 1163
552 3686 5490 5473 4605 2808 148 194
553 1414 2802 4056 4859 1388 423 2635 5170 726
555 1811 1979 230 889 2795 5790 307 3053
556 1242 5563 3646 3663 1483 3053 868 1942 3123 307
557 1346 3646 2062 1347 1202 1559 5490 4124
558 4981 2795 5563 839 150 1087 5721 4800 1850
559 2783 3076 1550 1020 3227 2802 1351 5473
560 5170 4678 452 5946 3830 1181 292
561 1977 89 1141 5867 868 3011 5310 5541 307 88 1116
562 1841 1412 1716 3176 1779 410 172
563 150 410
564 1957 1202 4124 2795 3646
565 3830 5170 98 586 5422 1841 1942 2795 332
566 1116 1242 3646 5989 5873 1087 868 1483 1202 89 3123 889 3460
567 5563 2610 1642 136 307 2917 3053 2808 5473 3361 1202 1346 1747 1942 2795 3180 582 3272 3156 2640
568 5490 307 5989 1957 1911 1202 5873 3646
569 1116 1957
570 332 748 1578 1414
571 1346 5490 2175 2978 1116
572 1979 136 1779 1940
573 1979 5490 3156 307 1202 3646
574 868 1979
575 1911 1977 3822 3053 5785 868 307 1181 1942 3646 1979
576 136 5578 2795 1957 1202 5563
577 5785 751 64 868
578 5785 332 270 2795 1911
579 1578 1979 332
580 4981 530 4800 1202 1747 5395 4948 3646 1394 2626 3272 423 5721 2049 5310 4056 1623 1850 1087 1644
581 1202 1911 1779 3123 89 868
582 1414 1732
583 307 1087 868 1202 1241 1957
584 3646 5785 2795 3460 1841 5790 3156 6014 136 3010
585 1314 410 5422 2795 5392 423 1181
586 3156 3083 5473 3361 230 3510 5721 3646 530 1766 1009 2610 1711 2795 337 148 35 1559 4040 2076 2640 3831 582
587 1977 3510 3558 1087 5721 330 1979 1414 332 64 35 3053 5785 2270 1929 1181 1141 530 2130 3156
588 4981 530 2795 1747 3822 4515 1457
589 1181
590 1779 307 1202 868 3646 136 5490 3611
591 5721 5989 2795 5563
592 4124 868 751
593 3731 1979 5315 3123 1116 2231 4807 307
594 2130 1457 1979 1368 883
595 1578
596 4310 5785 1181 2070 5170 4446 2795 332
597 3624 5989 1202 150 298 2795 3558 754 1087 1446 3056 5473
598 89 3646
599 3156 1841 3646 839 868
600 5721 5422 1942 754 3156 1028 2130 3056 1181 5785 839 2022 586 4577 1414 5652 342
601 2049 22 1394 1578 3518 1596 423 1850 936 3015 4275 1623
602 2978 2795 1181 3766 172
603 332 5490 3473 5989 441 839 1028 2795 5445 1841 150
604 868 3473
605 5785 2795 1301 2917 530 3646 3123 136 1559 2130 1202
606 1242 307 136 5989
607 1940 1957 3646
608 1942 5310 5785 332 883 4981 441 2795 98 4310 3558 1346 4698
609 5315 4515 1779 5785 5721 332 3156 5170 2795 751 3473 441 1841 4981 5989
610 1087 5170 172 4256
611 1351 3227 2245 3473 3083 5395 4040 1940 5989 1112 150 1457 1020 5721 2105 1977 3311 1264 5170
612 2795 5721 307 3686 1028 332 4515 4981 1979
613 150
614 3156 1457 423 868 2795 1028 3558 3473 194 1420
615 4800 1850
616 223 5490
617 332 4829 4698 1420 5170 1929 1181 720 5785 5445
618 1116 1623 3507 1523 270 5395 1841 3056 150 3156 1050 1202
619 3646 5785 354 3053 136 2795 307 441 495
620 5721 4981
621 1957 270 3361 1202 868 582
622 1850 889 5392 150 3156 1202 1929 5721 5785
623 586 332 1414
624 4981 3473 2070 1087
625 3624 1284 150 1028 2795 1242 3123 423
626 2795 150
627 2917 2062 868 1957 3646 1087
628 2795 5563 4698 2500 530
629 5170 1264 3624 2795 3076 1414 754 1388 2500 1716 5392 332 3686 910 3830 1644
630 89 2069 2795 3646 5578 121 307 3123 5785
631 5170 1841 307 5537 332 2105 4587 1977 1264 1181
632 342 1028 2795 332 4981 5785 1578
633 1087 332 423 3473 5785 194 1977 2795 1841
634 89
635 5310 5473 839 3473 2795 3766 1028 1242 5785 1979
636 3053 5785 4698 530 1929
637 4506 2759 5732 1747
638 307 530 5310 1555 868 2917
639 3646 1116 1841 1202 6014 1747
640 1202 1979 5490 2062 3156
641 5785 1009 2795 1368 441 1747 3053 4800 342 495 5490
642 1028 3156 150 1457 5170 5721 5989 2795 3473 1181 3176
643 1412 2270 1414 5490 35 1559 3053 495 4827 5473
644 354 1559 441 1018 2795 3053 495 4040
645 3691 332 1180 2795 5989 1181 22 754 3516
646 1979 5563 3123 2795 354 495 5473 1412 35 5490
647 2062 5785 4124 3156 868 1181 1911 1977 136 1957 1202 307 5563 89 1141 3646 1979
648 5989 3408 3516 5490 2795 1181 4769 332 1264 3691 172 223
649 332 5785 1942
650 720 4981 2795 4056 98 1646 1414
651 751 3156 1604 530 3510 1202 1116
652 1020 332 1181
653 1414 3646 1087
654 1578 4981 5473 868
655 2795 2070
656 1929 5490 2021 1116 1164 1202 889
657 3011 1087 89 1242 5578 530 3663 868 1977 1957 2917 3646 3065 5310
658 868
659 868
660 3646 3473
661 839 5395 1414 1020 1596 1850 4515 3473 3830 5069 1181 754 332 1732 910 1112 1977 1028 5170 4598 2121
662 5652 3272 2759 2167 3083 5867 1596 1020 5403 883 2121 3473 1264 2062 1457 115 5721 1112 148 332 1202 3331 337 4827 150 495 1642 1394 1351 4609 4591 936 2076 1841 5870 2795 754 992 1483
663 2795 1711 4040 150
664 1009 5000 5721 5652 1559 2130 270
665 1181 1087 1942 530 332 748
666 194 2130 3766 5721 4040 1559 3156
667 307 5473 1957 1202 1977 89 868
668 5490 1957 3646 3053 868 3156 89 5310 1977 270 1202
669 623 4821 2978 1414 1483 4061 754 2187 2022 3545 5870 3611 35 1841 139 150 1087 73 3460 5170 194 2808 5473 3083 530 3715
670 2795 270 1578 3558
671 1578 5721 1087
672 1116 2224 2917 3222 1490 3156
673 3176 150 4577
674 4769
675 4577 3473 150 1009 5578 5785
676 5989 2795 4040 3010 868 3460 1028 4124
677 754 1446
678 1414 2130 1559 150 3176 5721
679 530
680 4577 4981 1028 5785 1087 2795
681 530 1087 720 3299 150 1181 3473 5473 5315 3830 754
682 5785 2070 1028 4981 2795 1578 1181 3558 4056
683 1747 194 4040 2610 2130 1202 1850 582 2808 868
684 2795
685 4056 307 1202 1979
686 2049 1172 5473 3518 2040 2320 1646 868 4275 1841 936 5870 751 5310 89 6000 530
687 1116 5867 3646 5721 3123 88 5541 1957 1141 328 89
688 1578 5473 868 4577 330 1028 5578 3558
689 1979
690 4807 5867 1346 5563 5490 2394 307 3104 136 2795 1202 751 3156 2917 3123 5578 89
692 4577 868 1028 1578 1942 3473
693 6038 751 1979 2809 332 4515 1181 748 5170 1414 3822 3558 1841 720 4056 1942 754 423 5490 2795
694 4056 1942 3473 5170 332 1414 623 1264
695 332 1242 868 3473 530
696 332 1979 4256 3176 1242 1716 5785 5170
697 5721 1180 5490 936 1841 751 4061 896 5473 3010 2062 3331 3819 3283 4310
698 1747 1779 5473
699 1483 2917 1202 1942 3123 3646 868
700 6014 5445 150 1346 868 530
701 5310 5473 3838 5578 4056 1028
702 4827 5473
703 2320 3156 89 1265 441 3217 4932 3408 1116 3361 1646 1841 5052 3646 868 1850 2022 5870 3518 1578 3123 2049 2917
704 3969 1841 3510 4056 2917 3156 332 5790 720 1087 3123
706 5170 4807
707 1940 5563
708 1119 4932 5989 172 5785
709 2795 1911
710 4589 423 530 150 839
711 150 4515 5395 2808 754 1412 5490 3123 2270 3611 2130 5392 1242
713 1559 150 35 2270 3053
714 3083 5473 330 5721 751 3123 754 5392 4800
715 1242 2795 2130 1028 5490
716 423 1716 736 530 5000 98 2809 2635 3408 3558 1578 720
717 1850 1394 3217 1623 1087 1596 5785 5721 2022
718 3227 2783 4577 5946 3331 194 2795 3311 3076 5410 22 1578 2069 5403 298 5989
719 441 1559 3408 1020 5445 5993 3938 1716 5331 139 1388 4310 754 1414 4587 3083 1181 530
720 150 2130 3469 2270 3819 3691 2795
721 332 2795 5445 1979 5785
722 1087 1316 5785 1242 332
723 1559 5946 332 1181 1412 96 5392 2795
724 4931 150
725 3558 332
726 194 5315 4515 1020 1181 3558 1555 2795 5989 5170 342 332 3838 1911 1559 1979
727 5473 1979 1779 1028 868 4506
728 1414 2795 35 3123 3766
729 2795 5490 307 1346 2394 2984 5392 4256 3473 3011 1202 5445 1414 3646 3053 2917 1242 89 136 5563
730 868 1242 1028 1942 150
731 868 136 3011 1242 89 3123 1087 1483 5578 3460 751 5490 1202
732 1841 2610 3156 2682 5790 1940 3731 1163
733 89 5652 2130 5490 330 1841 1979 3646 2104 5989 5563 1087 5790 1202 2088 751
734 1747 751 868
735 3473 1578
736 2795 1414
737 1977 2795 868 1911 4827 5721 1141 5490 1028
738 3123 5578 1977 89 1911 2795 5490 868 5785 1202 3646 1979
739 4981 3011 2795 1929 1578 3473 868
740 194 2809 1412 5785 2270 1559 3065 1116 1979 2795 5652 1555 5721 2105 3646 4695
741 5473 98 3123 1414 423 2795 1202 1596 1850 150 2246 4560 3361 3053 868 5652 5790 5989 3473 1141 132 332 2450 4087 883 5721 4932
742 1979 2187 3473 3053 5578 868
743 3830 35 1841 5170 3083 1457 3624 4577 1351 495 754 5721 4698 298 1264 1979 1020
744 1018 868 1957 3460 5578
745 2795 4605 441 5563 1346 1550 3123 5473
746 709 1623 1957 1116 1642 148 1850 168 2022 115 5578 1202 5310 868 1265 423 1732 2917 5790 3518
748 1559 3083 4040 1779 2795 2046 709 5563 2104 150 441 2022 35 1412 2130 4827 4821 2897 3460 1009 3156 1957 1457
749 751 4981
751 1218 2687 2049 148 5490 1389 4800 548 4061 179 1354
753 3083 1202 136 3123 89 3646
754 5873 2795 4698 3156 5721 441 5448
755 150 5785 5445 1841 1242 754 332 1559 4560 5721 5395 2450 3558 5422 883 5490 2270
756 89 1979 5578 4800 3176 3473 839 1610 4587 298 2121 1957 3049 223 3123 332 3650 2795
757 1747 3545
758 5721 4577 5989 1050 2795
759 1779 748 709 691 1747
760 5490 1087 889 3053 1202 3646 1850 89 2917 1596 1116
761 1911 530
762 3053 495 3123 441 1368 136 1747 1116 2795 1202
763 1747 423 720 2245
764 530
765 5490 1841 1414 423 2121 3558 4124 4056 1181 332 330 3123 2379 754
766 1911 5052 2802 1716 2783 332 1414 5989 4587 1264 150 1087
767 5563 35 5721 441 5490 4040 2795 4800
768 3156
769 5473 89 5310 1242 441 3646 3156 410 4605
770 3611 98 868 18 5422 5170 4587 1779 5032 3558 452 2795 720
771 5473 4577 332 3473 150 1550 5310
772 1578 1018 3460 868 1979 1242
773 2596 1716
774 4515 530 1202
775 5721 307 3123 136 1301 3083 1202 5248 2795 194 3646
776 270 3083 136 1018 5785 1559 1483 5490 3822 89 1940 3473
777 1028 3156 3460
778 839 868 5310
780 332
781 4981
783 2795 3010 1202 5721 1850 342
786 5603 1841 5563 3473 4506 3646 868 168
787 1264 307 2917 5331 868 3473 1483 4949 3123 3460
788 1977 3691 1202 1112 4865 2795 2500 1623 5490 936 3056 2361 1181 4832 3331 1523 3201 5721 5790 1394 5993 623 5563 1841 270 4124 3646 5395 1388
789 1596 1202 1623 318 3766 2049 839 148 5790 855 1265 3299
790 2795 530 3646 2610 889 936 3053 4638 883 5790 2867 1116 1841 1087 1202 1483 2500
791 1979 4506 1841 868 150 1957 1483
792 3123 1841 2795 1028 150 3473 3083 5490
793 5171 868 5490 5310 5473 1414 307 1957 889
794 5315 4803 1942 5395
795 1545 1028 307 330 3473 2121 2175
796 1202 136 2021 3156 4769 1116
797 4577 1351 2635 5721 5785 2827 410 2121 2040 307 332 1841 150 236 720
798 1265 1490 1596 5292 2076 530 5422 234 22 5473 1623 3176 3646 3272 3361 3473 3558 4577 1550 1483 2640 2795 148 4310 1202 936 3766 1850
799 330 5578 530 748 1911
800 5490 2867 1202 1163 2917 5578 1841 3331 5403
801 5490 1977
802 1483 4769
803 4040 1242 3123 2795 441 1841 307
804 2906 5490
805 168 4506 2062 5490 307
806 1483 89 5446 2978 182 307 6014 2035
807 1841 5490 5993 2867 2610
808 1087 1202 5785 1929 3083 441 1850 89 3646 2564 3473
809 1202 1979
810 270 868 1164 1957 89 3473 2917 5490 2113 3646
811 1957 3460 3646 868 307
812 868 1977 1116 3065 2809 461 5490 2426
814 1483 3646 1346 307 3000 5473 136 1242 1841 2795 89 1414
815 868 332 3558 307 4506 3646 5490 3331 5563 1414 4056
817 3065
818 3053 4040
819 3123 1181 5315 868 5392 1202 1841 1979
820 3423 5790 1942 5392 3830 1841
821 1483 4769 3473
822 868 2917 5490
823 5490 530 1841 89 3201 1087 2046 136 3065
824 1483 530 330 2795 1202 2917 3460 5790
825 3156 5563 307 89 3646 3510 530 1957 720 1368 1841 1202 5310 4807
826 3011 3646
827 89 307 3376 3460 3646
828 1483 1841 148 1942 4275 89 5395 3123 582 1346 1202
829 3473 3830 2500 3611 6038 1414 2121 1087 1550 1264 1412 2105 2019 2783 332 3408
831 5315 1264 3056 4865 3624 3473 391 1716 3418 5395 5446 5422 4040 995 3938 1979 1945 1112 2379 4827 1242 270 5563 4446 5310 794 191 3016 3558 4056 200 1421 2414 3545 4587 1251 586 751 1836 2022 5473 2771 332 1823 2049 2687 236 410 4310 1028 2809 5392 910 5170 1545
832 342 332 5537
833 1747
834 1911 3156 3831 3123
835 1483 89 1841 330 307 1202 3611
836 530 5392 307 3065 4800 1181 121 2917 3646
837 1850 5490 5947 1389 1968 2105 2104 3065 4577 677 3194 548 179 5392 495 1841 3049 4310 1977 5385 1116 3156 1610 2564 1559
838 3819
839 3156 1414 2121 4800 2795 98 3227 2978 172 3473 5392 1550 720 5069
840 270 22 1979 582 2040 1424 2640 4040 2610 5473 2795 530
841 5785
842 2795 4698 1119 150 441
843 5785 1559 3083 3123 2795 307 530 5473 3822
844 3822 1957 307
846 4981
847 868 2175
848 5785 3053
849 307 3822 1979 1942 136 889
850 3083 330 1202
851 332
852 89 1087 1265 270
853 4865 5116 5563 2795 1942 3766 1100 1841 3650 2450 2610 5051 3176 3065 4577 5721
855 150
856 150 4827 1009
857 5785
858 342 136 3460
859 1747
860 1924 1412 1716 1841 5490 3832 3065 4061 5993 5563 5673
861 3331 1751 5785 1841 3083 238 1414 5578 1351 1087 1241
862 4256 936 1202 1420 1841 1942 1346 5563 2500
863 452
864 868 150 2795 1028 3460 4124 5473
865 2808 223 1942 5989 330 1242 423
866 1957 2610 2867 1841 5993
867 587
868 1850 3766 1265 690 883 3460 5785 1841 4124 530 5790 1388 2130
869 1841 1163 2984 5331 5790 307 89 936 1446 3331 2610
870 5790 1050 3646 441 5490 337 2062
871 5473 868 3473 3011 150 3123 5310 2917 5563 1841 89 1942
872 3065 5403 2500 1793 2062 1578 3683 2379 2394 1836 132 3545 5994 4310 1141 3053 89 2809 5993
873 3331 1163 1841 2500 1979 89 1924 530 1412 5490
874 1841 150 1957 3123 1202 868
875 5490 666
876 2610 1087 330 3331 89 530 3460 2088 3646 4598 2281
877 883 2088 2795 5490 3053 1163 530 1841
878 5619 4515 3473 4040 270 3010
879 1811 1850 3053
880 2062 5403 2682 5490 1018 1202 2795
881 5578 1202 2867 3015 5473 1841 1346 4515 150 3646
882 89
883 1301 3065 3053 136
884 4310 4577 1523 332 1841 2795 5785
885 2062 3065 139 2049 5790 148 4310 3049 1578 1865 5652 5392 1368 5124 3056 5563 1264 3331
886 89 2488
887 5867 2795 1793 1841 2917 889 1957
888 839 136 3473 4680
889 330
890 1201 307 3831 1841 5310 2021 148
891 1163 6014 89 1841 5790 3083 2270 1412 2088 5473 2917 3460 4124 3646 2867 548 3065 1116 5490 530
892 3423 1942 1555 5563 330 3049 2394 1841 2564
893 3766 4800
894 2394 89 1301 1202
895 3123 3646 530 889 307 35 3083 1977 1202 1018
896 5721 307 3646 2808 330 3053 3766 5578
897 530 1163 1924 910 2088 5721 5331 2917
898 4680 3588 3053 1163 530 5790 1202 4598 89 1841
899 3832 868 1559 3819 5490 1716 1841 2062 5870
900 441 4800 5310 1116 1242 889 1202 3473 5422 1483 1957 5490 868 3123 4506
901 5790 1747 4605 1610 1202
903 4865 1747 121 89 3283 3123 1977 4800 5867 4124 1841 5490 530 3156 136 307 35 1278 3822 354 3065 2270 194 3646
904 4695 136 1202 1483
905 423 89 5652 2245 4695 1202 1841 2394 98 3104 307
906 1028 89 5578 1124
907 1202 3646 1979 5989
908 1911 5790 5098 3408 2917 1841 1793 1202
909 2917 307 3646 2795 1841 751 4446 136 5790 1202
910 3460 1301 5490 3053 883 1202 5315 2795 2394 1732
911 5790 89 3460 3646 136 307 5490 868 889 3611 1841 270 1202 2270
913 530 868 3473 2917 5490
914 5790 1578 530 3408 1202
915 5518 1163 1841 530
916 89 3123 136 1911 307 3460 3646
917 1841 4832 530 2592 1087
918 1242 3156 238 1116 307 5790 1202
919 3646 2610 5490 3473 307 3822 530 3460 2867 4695
920 4124 4800
921 3510 4605 5490 2785 1841 3646 5790 2394 3611 89 307 3822
922 194 1483 5721 1457 2245 5490 1841 4598 307 3123
923 1841 1181 5790 89 342 1116 136 5785 1202
924 2917
925 2902 2795 3053 3123 1596 2270 3969 1850 3201 5395 136 3156 3460 5790 839 1483 1202 2917 307
926 3123 1841
927 530 1977 5490 1940
928 1202 1316
929 3083 5473 2867 1202 2917 5490 3473 1841
930 1841 4865
931 1841 530 5473 883 1087 5490
932 1841 530 1957 3361 1202 1087 1979 2610 194 3156
933 332 423 410
934 1424 1850 2795 2610 22 582 1929 2062 2808 3180 3646 530 423
935 5490 3156 751 1087
936 530 1841 1778 3083 3766 2130 1957 2610 5490 330
937 1841 5490 1483 2408 5867 150 1116 1163 1202 530
939 2978 5721 5790 3156 1446 307 1202 2867 1841 5490 5170
940 748
941 3460 5993 5490 2610 2867 150 330 441 5403
942 5490 1087 868
943 2809 307 5490
945 4821 2394 2231 3123 5790 5785
946 1850
947 1598 172 1028 1850
948 3766 4800 2795 4577 1368
949 5790 3272 1940 1181 2088 5721 2840 4382 2819 1924 89 4310 3156 5563 5993 3083 1823 5310 3361 1841 3331 2281 3053 3460
950 3123 238 5170 1604 191
951 194 5989
952 3083 666 89 1394
953 1940
954 89 194 4800 530 2130 1301 1850 751 1202 270
955 136 2270 1841 330 89
956 751 330 5790 191
957 2245 307 5721 1979 2897
958 1841 3473 3516 5867 4605 330
959 748 3283 1779
960 5170 1414 4931 89 452
961 1732 1087 3311
962 3822
964 720 5785 5989 2795 1850 2121
966 2130 1732 4800 2795
967 4446 150
968 3663
969 1273
970 5473 1841 1202 330 3646 5721 5490
974 2130
975 2795 4800 1009 150 6014
977 3065 330
978 1979
979 2021 5170 1841 5721 330 4800 89 3065 391 307 3053
980 5652 35
982 4605 1412 2795 1264 5490 441 3156 307 5721
983 5310 2394 3473 1957 3646 150 3156 1116 1202
984 4800 5052 318 1202 855 3518 748 1265 342 3460
985 677
986 4769
988 3065 2564 194 3156 5490 1202 3646 1850 1977 868
989 2795 1850
990 230 5473 4056 5785 2130
991 2130
992 1836 1841 3460 5009 3560
993 1850 677 548 838 5721 3065 4310 1300 3832 5652 1957 3408
994 182 896 5392 318 936 3299 441 2049 3331 5170 1596 3518 3201 1642 5721 1841 5989 5403 2105 150 3545 5790 1264 337 172 3083
995 172 2795
996 1301 1087
998 4577 1850
999 1940 2564 4124 2121 1218 4680 2543 3283 709 3091 1265 1644 1953 1841 5878 5829 182 307 2167 1995 1545 3361 2414 4762 1164 3832 330 3646 3331 3016 3065
1000 4040 35 2130 3473 1009 441
1001 238 5989 5395 5473 4577 1414 1841 5170 332
1002 4800
1003 2795 1747 1009 148 150 342 1911 748
1004 1850 5785 1979
1005 1457 2795 5490
1006 1732 4506
1007 1968 3010 709 4800 1747 748 1779
1008 3010 1610 1368 3227
1009 3822 1202 3611 330 530
1010 3053 1559
1011 4463 5867 89 5473 98 2245 5563 5721 1116 5422 3331 1841 1446 3156
1013 1940 1850 3053 2917
1014 3331 4040 5721 2795 307 1412 1301 4695 3010 2897 1202 1457 5652 1977 1841
1015 2795 5785
1016 4577 2795 1940
1017 4827 5448
1018 3083 748 230 330 1732 1559 2802 5170 1841 751 1424 3053
1019 3766 3083 35
1020 4124 2809 1779 1977
1021 5490 3646 530 3460
1022 1578 3123 2270 4800 148 1550
1023 332 1264 2105 3460
1024 1202 3969
1025 1977 2809 5490 5989 1202 3646 1087 270 889
1027 1779 4056
1029 1850 150 1202 307
1030 1347 1979 1841 5490 4256 3065 1028
1031 1414 4769
1032 1346 2231
1033 332 4932 5790 5563 1242 6038
1034 2809 751 5300 1028
1035 1424
1036 5490 136 1202 1446
1037 5785 3156
1038 868 1368 3460 330 1578 1242 150 1028 2795 441
1039 1578 5790 4577 3331
1040 1559
1041 89 3156 5785 1559
1042 1028 868 5170 4056 150 3510 2808 1242
1043 1265
1044 3822 5490 530
1045 2795 5785 4056 332 1202 307 1028 1942 5445
1046 1779 2070 5989 1979 4981 1578 5170 4515 2795 4124
1047 1087 4981
1049 5170
1050 5292 332 1202 2809 1028 1265 2795 868 2022 1623 3558
1051 1623 2795 1028 3766 332 3518 148 868 2076 2070 5292 1979
1052 1028
1053 1018 22 1775 2917 307 1028 5785
1054 2809 4981 3460 1202
1055 2610
1056 1977 3646 868
1057 4040 1850 1202
1058 1559 1412 1202 4040 5721 5790 3083 136 2795 1977
1059 4769
1060 4981 1841 1646 5490
1061 5170 4310 1559 751 2917 2022 1751 3558 410 150 1578 3473
1062 530 5578 3460 5721 1578
1063 1850
1064 3201 1242 1202 5170 5790 1911 1596 332 3299 1264 2984 3283 2062 1716
1066 2062 1559 3011 1116 2917
1067 1424 3822
1068 1559 1911 6014 1940 3123
1069 1911 6014 35
1070 238 5785 754 5490 4310 1911 1227 992 5170
1071 3083 148 6014
1072 3083 121
1074 3822
1075 1841 1202 530 3083 307 1242 868 1850 89 136 3646 2795
1076 3473 4577 4981
1077 5490
1078 3822 530 1957
1079 172
1080 2795 1646 5170 3011 172
1081 2049 423 3376 868 5870 1642 64 1596 3217 115 1623 2564 148 530
1082 3376 423 3473 3518 148 64 530 2062 1623 115 1850
1083 1119 5721 1018 3156 5652
1084 530 5785 1181 3473 270 1202 2917 3053 3822
1085 2795 530 3822
1086 2062 1977
1087 5790 2917 136 839
1088 3011 3053 2795 1116 3646 868
1090 4577 868 5473
1091 1087 4124 307 3011 1202 5873 1018
1092 1351 5946 172 720 332 148 1716
1093 3460 2809 4577 4981
1094 1850 5490 2795 2130 307 1116 4040
1095 3000 2795 64 1850 4800 441 1779
1096 3123 2231 3156 5790 4605 1483 307
1097 1841 5790
1098 150 3156 3123 754 1087 4577
1099 4769 1424 1202 441 5490
1100 2795 2270
1101 1610 1559 270 3083 1850
1102 2917 1202 3646
1103 270 2130 3311 2795 5785 3766 194
1105 3481 5327 4949 1550 5491 530 839 2752 182 3123 115 4056 1929 5473 754 200 3065 411 328 1347 337 2049 2059 5170 2375 2022 3283 1116 3421 1940 4865 5870 1201 4678 1181 1841 1119 821 1354 236 3277 2897 2046 3830 132 4829 3408 5687 2783 130 1412 5331 4541 3914 647 4725 191 126 5422 330 2379 5878 3000 238 486 3766 2062 1642 3938 3180 3469 5315 3838 2808 5292 3969 1456 1646 726 4591 2785 1009
1106 1841 1202 1716 2105 2917 3123 136 4310 2795 839 1420 2231 5785 4124 3558
1107 1483 3646
1108 2062 1942 1977 3011 868
1109 1347 754 2379 1559 3331 3176 3083 238 495 4622 148 1929 5473 3123 5170
1110 172
1111 4638 5790 1368 1202 1811 1596 3201 5785 1841 5490 3053 2130 194
1112 751 148 3766
1113 3123 2270 1841 148
1114 1979 5385
1115 1766 896 2759 2867 3299 1028 3201 936 2049 3558 330 1483 2046 2121 5555 1850 1929 952 1747 318 838 3408 4609 530 1264 5785 883 1957 1642 6038 3462 3039 3361 115 1623 5315 22
1116 2795 5785
1117 952
1118 3969 5170 2022 5785 1841 3123 307 5490 5652 136 839 1181 2795
1119 1850 2795 4638
1120 332 5790 2022 1028 5721 3830 4587 1841 3065
1121 4577 5785
1124 3646 1018 5490 1841 4506
1125 2450
1126 5385 3311 1264 1028 5946 5785
1127 1446
1128 5785 720 1979
1129 1028
1130 3819 3558 1979
1131 230 5473 1550 1028 5315
1132 1050
1133 1747 3053 2795 5490 5785 495
1134 1202
1135 194 3646 2500 441 150 1841 751
1136 3510 868 2022 1957
1137 1957 3473 307 1779 1841
1138 89 3646 307
1139 883 1301 5490 1732 3473
1140 868
1141 2062 1446 883 2130
1142 1202 1979 5385
1143 1747 3766 2049
1145 3083 5873 3123 89 2062 2795 1202 5310 530 307 1116
1146 1977 3646 5473 868 5490
1147 328
1148 4506
1149 5652 530 2795 330 1028 5785 2130 5473 883
1150 292 2500 695 2394 2610 2917 3663 5563 5490 2426 1778 3156 1924 2867 4865 5473
1151 3822 868 883 5385 1009
1152 3156 1202 1957 5578
1153 3010 883 3646
1154 3123 3766 1940 2270
1155 307 130 1202 3646 5490
1156 5873 1559 3766
1157 2500 2610 4310 5490 4865 2394 5448 495 1823 89 3194 1957 751 3065 1841 2320
1158 2783 5395 992 1414 1028 3056 3123 5785 4515 3227 89 883 5392 3830 530 3473 3558 754
1159 1979 720 1957 3194 3408 3065 1841 2534 3646 2187
1162 1841 1957 4865 5490 3646 720 2610 2500 1850 2062
1163 587 5790 3418 5490 391 1841
1164 889 3473 1942 2062
1165 1957 2062 4506 3646 1202 270 307 5310 1483
1166 1559 1388 5721 5448 4577 2062 1483 2795 1009 3766 4605 2105 5490 709 5989 4680 3156 1841 307
1168 136 2088 3083 3156 5490
1169 1141
1170 2062
1171 2795 194 1940 330 5721 292 5327 1732 1850 2917 4167 1957 2062
1172 1841 2113 194 1202 354 4832 1141
1173 1841 307
1174 748 5563
1175 3053 530 2610 3408 5052 582
1176 1942 5473 3460 194 868 1979 1028 1242 270
1177 270 1596 3053 1483
1178 1732 1979
1179 2062 5785 2130 1911 530
1180 751 889 3646 1979 1202 1957 868 5310
1181 5490 3065 307 751 868 1116 3473 3010 3646
1182 3473 5411 5170 1446 1747 1388
1183 1483 1841 441 582 1957 936
1184 270 5473 3646 3766 2795 1850
1185 236 5392 1028 4587 5578 150 2897 1242
1186 5310 441 3156 1841 1242
1187 1836 89 1116 1351 5395 4680 2022 4310 5555 5721
1188 1087 4832 3065 1202 89 307 1911 3611
1189 868 5490 3065 3646 1850
1190 3646 1202 2917 89 1850 1301 342 889 3053 5490 2795 441 530
1191 2795 1979
1192 530 1957
1194 4605 3646 148 1623 889 3473 1850 548 1141 2070 1642 1242 2049 3065 332 1265 4124 1646 5870 5490 2320 2021 2759 896 3518 3217 423 307 1841
1195 3123 130 1747 238 2808 1841 332 2046 720 223 2049 5170 1716 3000 342 1141 2175 5785 1181 5403 3283 1732 582
1196 1483 1979 1942 1957 441 868 530
1197 3227
1198 1202 748 1850 1942
1199 1957 3646 1483 5578
1200 1732 2897 936 868 3331 5410 3272 1242 5473 22 1850 1642 3646 530 1623 270 115 441 1596 2049 2062 4598 736 5490 1610 148 3201 2069 1841 5732 1598 5870 3217 5292
1202 3083 89 121 1116 270 1977
1203 1957 2917 3646 1979 307 1942
1204 1394 530
1206 1446 1841
1207 530
1208 883 1841 3156 5652 2795
1209 3646 307 1116 1850 751 5563 3156 89 1202 1559 2795
1210 1242 150 5170 5537 2917 5578 330 2021 5490 410 5315
1211 1028 4577 868
1212 1940 5490 868
1213 1811 1747 3646 896 307 530 751
1214 3766 2130 1014
1215 1850
1216 1578 1028 1977 88 89
1217 5385 1940 883 3473 2130
1218 868 1942 3460 3838
1219 5578 1018 1977 2062 1979
1220 130 441
1221 1957 2917 3011 1087 3646 1598 5490
1222 5578 1578 868 4506
1223 1957 5490 5578
1224 3611 1202
1225 3065 1202 5490 1018 868 1957 5310
1226 1414 148 5785 121 3408 89 1841
1227 2809 530 307 5490 1202 330
1228 1644 952 1596 3083 2320 3201 191 5870 1841 1181 2105 5785 1351 1124 2379 3272 3376 115 3462 1264 1850 2022 4948 22 896 2759 1559 5790 2867 2130 1202 3331 3646 3473 2121
1229 5652 5385 2130
1230 3460 3156 2795 5578 868
1231 1412 1181 3299 5785 1020
1232 1716 3686 992 3473 5315 5410 1995
1233 1841
1234 5518 330 1779 748 4783 5473
1235 2121 2783
1236 4931 530 5473 423 4865 1242
1237 3473 720 1555 3830 2783 3227
1239 423 1347 1716
1240 1911 1382 1087 3473 1020 3104
1241 172 2121 1457 5315 5721 3083 1264
1242 2040 1929 3180 5785 22 530 2610 2795 423 4040 582 751 441 3646 1424
1243 148 1412 194 3473 1841 89 1483 5652 839 3646
1244 942 1841 3065 1953 2785 1836 4680 2069 5403 2450 330 2626 227 2246 4310 1924 1141 5098 5473 2379 2088
1245 1050 22 3646
1246 22 1732 1850 423 1623 5310 1979
1248 5785 1414 150 1850 1942
1249 1732 5331
1250 2917 3646 1850
1251 35 2270 3123 3473 1559 839 5578 5785 330
1252 5563
1253 3766 3000 5170 5490 89 5000 1979 1523 1716 1414 1302 2795 1841 5721 2500 3624
1254 2984 179 495 1504 5327 1550 4865 5563 2076 4800 1218 1841
1256 1346 1841 2795 5790 1555 1124 4680 1181 136 307 3056 5445 3123 2967
1258 4577 1483 754 6014 5473 1979 4932 73 5490
1259 2795 3053 530 5790 2130 136 3646 1301 1850 1087
1260 3516 332 1181 3819 1911
1261 1841 423 3473
1262 1596 3766 4821 5790 2500 5578 1347 2802 1550 952
1263 1550 3832 1124 1911 3065 1316 4865 2809 2187 3516 5790 3517 4310 3208 2984 1841 4680 1264 2894
1264 582 1747 330 1202 5578 1841 22 200 5170 5052 4560 2610 3558
1265 1850 1301
1266 1711 2564 423 148 3518 22 330 582
1267 5473 3518 5996 4832 2640 2610 1711 5970 5870 1911 1596 115 22 883 423 1202
1268 5069
1269 2795 2130
1270 5989 3000 337
1271 1202 3646 5578 1009 22 1610 423 1747 2808 121 2610 582
1272 3545 6038 330
1273 330 1483 751 3646
1274 1929 2640 2610 3473 2808 1747 582 3646 22 1610 5578 5878 2040 3766
1275 1929 3766 3646 5878 3473 2040 582 2808 2610 22 1747 1424
1276 2231 1202 868 1388 89 1793 1483 307 1841 1242 5563
1278 5331 410 172 4832 2808
1279 330 1202
1280 5292 3272 148 896 88 5829 2610 1642 1711 1942 3156 22
1281 3611 1424 73 2783 3076
1283 1181 230 1841 1112 1732 1911 6038 1716 3588 2759
1284 709 148 88 5490 1841 3588
1285 2795 1559 6014 1929 5473 2062
1286 5395 3611
1289 1841 1979
1290 3010 5785
1292 172 2049 3000 330 332 1242 5473 4587 4463 1412 1642 2802 754 5292 22 5170
1293 4605 5785
1295 5473 5785 1841
1296 2795 22 2040 2130 582
1297 1911 5490 332 5170
1298 3156 150 4587 332 330 3123 3731 3558 423 5395 1388 1242
1299 4800 1181
1300 5785 1559 3123 1202 136 3065 307 3646
1301 1911 5578 1242 98 868 150 1028 1368 2795
1302 307 5473 5790 2917 1957 530 1841 1942
1303 5456 5473 1028 1940 150 868 1979 1578
1304 5578 1087 1202 1596 148 1911 623 5052 1242 3646 582 1028
1305 1414
1306 1968 4124
1308 4587 1028 330 5315 2062 150 4678 3473 751 1242 3065 5410
1309 1116 1424 2917 868 1793
1310 1242 1087 5578 98 150
1311 332 5785 1483 1116 1087 2245 136 1610 1050
1312 3053 1202 1483 1116 5563 89
1313 1911 150
1314 1841 307 5563 530 3156 4981 2610
1315 1646 115 4040 1711 148 1265 1483 1841 5970 3180 2917 234 1747
1316 1116 1202 4124 136 4865 5310
1317 270
1318 1979 5395 1368
1319 4577 5392 5537 1028
1321 868 1242 1957 3473
1322 1202
1323 3227 5310
1324 3646 1202 5490 1087
1325 839 1957
1326 1850 1087 3376
1327 5578 1979 5490
1328 2795 1202 5490 1087 3473 883 3646
1329 5490 530 3646 194
1331 2379 4056 5170 2795 4124 423
1332 3822 3053
1333 5490 3646 2795 307 3460 136 1779
1334 1202 5310 3123 3646 868
1335 5473 4256 530 5490
1336 3473 3053 1424 839 1559
1337 1018 530
1338 1202 3646 136 3053 3175
1339 4256 1957 150
1340 441 1979 3473 150 5490 330 5578
1341 1202 5490
1342 2062
1343 530
1344 5170 3473 2795 1841 1596 150 1578 4587 1942 3176 3624
1345 3646 5490 1979 6014 136 3473 4256
1346 5473 3646 1610 1202 307
1347 441 5785 3473 3156
1348 2088 5315 4587 5170 2783
1349 530
1350 1747 1202 3646
1351 5473 839 5310
1352 4800 332 423 3473 5490
1353 868
1354 1979
1355 150
1356 1732
1357 1181 868 1202 1957 5490
1358 5490 5785
1359 150 839 1957
1360 1018 1957 1087 441
1361 3473
1362 5785 1028 2795 150
1363 307 889 3646 89 4256
1364 3646 2917 136 89 150 1911 5473 868 3123 1779
1365 5403 2867 2088
1366 868 1977 3646 1555
1367 3646 3473 1841 2270 5790 89
1368 3646
1369 1087 868 1202
1370 5490 2113 3766
1372 5578 530 2795 1202 5490 307
1373 1265 868
1374 3011
1375 1242 150
1377 194 3646 530 89
1378 1202 5954
1379 1793 3460 3646 1483
1381 868 307 1202 1087 1942 839 3011 1957 3123
1382 5537 3558 5473
1383 3123 1202 6014 4124 1610 5839 5578
1384 1646 1610 582 307 3646 1929 2808 1747 3180 2610
1385 3646 1942
1386 307 5790 1163 1732 2610 3053 1202 89
1389 1009 3646
1390 3646 868 1018
1391 1018 307 1957
1392 3376 5578 530 4056 5490 839
1393 1747 4577 1087
1395 3473 150 1424 1202
1396 720 1940
1397 3646 5563 307 868 2021
1398 1957 5490 1942 1018
1399 1957
1400 5490 270 307 3460 4981 1202 5785
1402 5578 1242 1028
1404 3423 748 1646 3558 1347 332 2640 6000 4056 1841 423 3686 1388 754
1405 150 330 1979
1406 6014 5490 1202
1407 4256 1087 1841
1410 3156 5490 1841 3646 868 1979
1411 1018 1112 5473 4275
1413 5490 1979 3517
1414 1942 3646 5578
1415 3065 3766 3646 1793 1116 1841 5790 307 5490
1416 3473 150 64 5785 3053
1417 5170 332 582 330 3558 6014
1418 1202 1841 1414 530 3473 1087 3460 3646
1420 3473 530
1421 1979 3053
1422 4605 3646 4807 1841 1242 89 5563 1201
1425 89 3011 868
1426 2062
1428 1202 5810 2795 3053 5052 1711
1429 1578 4577
1430 1483 3646 868 1957 1202 5392 889 5490 2917
1432 1242 3473 1028 4506 1940 150
1433 1841 1264 4821
1434 5578 868
1435 1087 5578
1437 1116 2062 5790 307
1438 1483 1202 530 3969 1911 2917 3065 3646 1957
1439 751 1940
1441 1202
1442 2062 868
1443 4040
1444 4800
1446 5578 3473 298 1181
1447 1716 1979 332
1448 1181 1020 720 754 2795 1388
1449 1368 5785 1087 3299 1841 5603
1450 1087 3819 6014 5170
1451 1412 332
1452 3686 3473 5170
1453 172 332 2795 5422 410 1181
1454 1957 5490
1455 2783 1747 838 1368 330 1112 1596
1457 1028 2795
1458 2917 3123 1483 150 3065 1242 6000 5248 1979 4807 530 1610 3473 3560 4506
1459 2795 332
1460 423
1461 332 5170
1462 4605 2917
1464 709 1446 720 4515 3819 298 194 5392 5052 3473
1465 5721 4800 5785 3053 3083 1550 1414 1977 3331 5170 495 172 1457 292
1466 1841 4829 5392 5785
1468 5473
1469 1596
1470 3123 530 5473 330
1471 3000 623 910
1472 2270 1911 3819 1446
1473 1559 1424
1474 2795 5785 6014 1559
1475 5473 1242 3473 5634 150 2121 1009 1911
1476 1716 6014
1477 332 1087
1481 3646 1732 751 3123
1482 4463
1483 4506 1456 3331 2167 1265 5563 194 3481 3830
1484 3389 4275 1583 5790 1273 3331 4589 2245 666 3469 1457 3104 5315 5331 168 3462 2450 2049 1420 3766 4840 1604 4056 3201 4832 623 677 3156 1009 1823 855 2445 3969 2022 1836 1251 2019 149 3832 1172 5411 2897 2783 4645 3518 2894 2984 4087 1929 1545 2104 1715 3830 1138 115 1181 5392 2967 1124 1957 1141 3180
1486 3452 5315
1487 1841 754 2231 3830 1716 4769
1488 3830
1490 3588 1841 5989
1491 4769 4678 332 5170 868 1242 5989 1841 6014 2802
1494 3558
1495 1716 332
1496 332 1716 1265 172 1181 751
1497 332
1498 150 1242 1028
1499 1942 883 5721 530 150
1500 2783 587
1502 1911 5170 5315 2795 410 1009 1412 423 1779
1505 5785
1506 4256
1507 1028
1508 332 5422 3624 1414 3822
1510 3830 5989
1511 1202 1100 1747 172
1512 332
1514 3473
1515 5331 1911 332 5537
1516 3460 332 4865 4577 5422 1716 5946 4587 150 172
1517 5170 720 5052
1519 3156 4832 332 1242 4577
1520 5490 1957 3460
1521 6014 1202
1522 3686 1347 5410 2022 2610 3831 1421 1977 5989 1841
1523 2564 4506 2379 3771 5490 89 2967 1850 3460
1524 1716 194
1525 441 136 1841 3969 1087
1527 3123 1116 136 754 3545 3083 4605 1793 342 1414 2231 5785
1528 3283 5473 332 3227 1716 5392 1087 2121 4587 3469 1351
1529 952
1530 3822 1028 2795 1979 1646 441 4698 5785 332 5170 5410 1414
1531 404 754 3011 2245
1532 1811 1116 4605 3408 172 3473
1533 709 1412 423
1534 530 5785 1977 4463 4515 230 1028 4577 883 1841 6038
1535 2062 1368 4310 423 5785
1536 4800 5395 2783 5946 2121
1537 5790 4605 4275
1538 754 5785 720 1414 622 3083 1181
1539 838 1028 5785 2245
1541 332 5170
1542 5731 3819 1841
1543 172 1087 332 2795
1544 5395 1087 5785 238 1751
1545 4800 2040 677 332 2795
1546 307
1547 5790 4769
1548 3822 332 5445 6000 1420
1550 720
1551 4446
1552 4981 2795 194 530
1554 2795 1523 1911 748 1420 3473
1556 332 423 720 748 5721
1557 1841 4605 3691 748 530
1558 5473 1841 328
1559 5315 1841 136
1560 1087
1561 3053
1563 3822 2795 1414 2121 4800
1564 5785 2130
1565 5578 4506 868 1028
1567 5578 1181
1568 172 1555
1569 839
1570 1087 410
1571 1747
1572 1716
1573 4800
1574 5634 6014 5785 332 4800 1028
1575 1979 868 2130 194
1576 1424 1841 3611 1087 3646
1577 623
1578 4577
1579 2795
1581 754 3558 423 3104 530 2795 5970 1911
1582 1841 3123 3156
1583 332 150 172 2802
1584 942 530
1585 5473 4056 3473 720 4800 2802 2121 838 330 754 2379 1388
1586 1028
1587 4800 677 1087 1181
1588 1202 423
1589 3473 1841 1116
1591 6014 5867 5490 1610 3516 1779 1116
1593 5490 1841
1594 1018 3646 1346 3313 1578 2062 3516 5248 3056
1595 1202 1483 1957 3460 1242 182 868 150
1596 3331 4310 1578 3560
1597 868
1598 5490 1957 1050
1599 1942 5578 3473
1600 1942
1601 1942
1602 1942
1603 5785 3473 64 751 4506 720 5578
1604 150
1605 172 6014
1606 1347 1028 5785
1607 1911 5331 3686 172
1608 1841
1609 4800 2795 754 172 1555
1610 751 5315
1611 35 1087 3000 5170 2867 2506 3545
1612 5279 337 3516 6014 495 4040 1264 2564
1613 307 6038
1614 73
1615 5785
1616 3053 2795 5785 64 332 1028
1618 1087 3227 5170 1942 172
1619 5170
1620 5490 5170
1622 1028 1979 332 5785
1623 3227
1625 1457 330
1626 148
1627 3408 5170 1940 3473
1628 4587 3646 5790 332 330
1629 3691 89 1841
1630 5170 1979 5785 410 332
1632 1604
1633 328 330
1634 3516 5785 332 5170 1559
1635 5785 1596
1636 1087 1979 3686 332
1637 1112
1638 5392 3227
1639 751
1640 1779 1942
1641 1202 3460 5490
1642 179 3208 5392 1028 1841 1979 2076 3065 3361 839 410 2564 720 4310
1643 332 5170 751 1242 5785 150 1929 1028
1644 5445 150 4800
1645 5392 73
1646 839 5052 5170
1647 1009 4807 1202
1648 1942
1649 437 623 1836 4275 5970 1751 3469 1732 2897 1747 1414 5098
1650 150 332 1716 298 4577 330 4587 754 1242
1651 5170
1652 1841
1653 2088
1654 1559 3646 2795 1202 495 270 1850
1656 3065 868 1202 5473 307 5490 1841 3646 2394 3686
1657 1559 2062
1658 1596
1659 1979 530 35
1661 2783 5785 1979 2394 1368 330
1662 4577 5537 720 1242
1663 136 1301 2130 1202 5490
1664 2917 4040 3083 530 1424
1665 5578
1666 592 5315 172
1667 136 1116 35 1841 1483
1668 1028 5785
1669 4680 3822 3083
1670 307
1671 3053 1979 89
1672 1596 1483 1116
1673 1301 1202
1674 5785 5331 748 172 1181
1676 5490 89
1677 3010 5490 495 1087 4061
1679 1018 1202
1680 1957 3011 307
1681 5473 3473 2917 5170 5790
1682 1202 4981
1683 1979
1684 4800 136 889 3156 3822 89 1414
1685 6014 3460
1686 3053 1942 1202 1050
1688 530 1940
1689 2500 1087 270 1957 2610 5603
1690 4981 5993 1957
1691 1141 530 89
1692 1559
1694 2795 1555 270 1850
1696 1559
1697 1779
1699 332 1979
1702 1424 1979
1703 2270
1706 1446 3156 1346
1707 530 1841 5403 1610
1708 1850
1709 1850
1710 1979 1412 1911 1841 89
1711 1446 2450 3053 1979 5790 2785 1414 1841 3650 1850 1578 4310 4577 4061 3083 677 1995
1712 4800
1713 4800 1284 2795 1979 3010
1714 2130 3646 3053 1202 307 1850
1715 2795 1116 1850 1202
1716 530 1301 4800 1850 1202 307
1717 5785 4577
1719 1850
1721 4800 1979 1850 2795
1722 1424 5721 1301 1141 1850 3156 423 136
1723 1610 2795 441 1850
1725 307 1850
1726 1940 332
1727 1014 2795 720 194 3473 839 4981
1728 5785 1559 4698
1729 5946 1264 5315 2783 1716 3076 2500
1731 2130 1979 1850 4124
1732 5310 5385 4124
1733 4124 2062
1734 4124
1735 4124
1736 307 868 5445 1347 1202 1028 5785 332
1738 1732
1740 1732
1741 5473
1742 883 4124 5490 530 3460
1743 1751 5473 332 868 1028
1744 5490
1746 1202 1979 2394 1940 2808
1747 582 868
1748 1979 2795
1749 1979 5490 5578
1750 2088 5563 1979 1977
1752 332 5785
1753 5563
1754 4275 89 1201 441
1755 1202
1758 4506 1028
1759 1087 1414 5785 868 1490 5170 6014 3558 332 1979 2795 1181
1760 1020 5395 3646
1762 1412 3299 2759 332 1264 1202 172 952 2105 1181 3518 5403
1763 441 1202
1764 1202 1242 5310
1765 868 1979 3460 4577
1766 3049 5578 3473
1767 868 748
1769 1841
1770 307 5490
1771 1979 1202 4769
1773 1957 5491 1940
1774 1979 1940
1775 3011 4609
1777 1979
1779 1979
1781 3646 5310 2808 5473 1942
1782 530
1784 5310
1787 2245 332 1414 1942 1550
1788 1604
1789 1202 3065
1791 3065
1792 3822 5170 332 3056
1793 868 332 4800
1794 1979 4124 5365 3460 1957
1795 2795 868 1559 1979
1797 5785
1799 1202 5473 839 1732
1801 5310
1802 2062
1803 1942
1804 2062 530
1805 530 5385 2062 748
1806 530
1807 530
1808 530
1810 1850 2062
1811 2062 1446 1850
1812 4638 530
1813 2062
1814 2062
1816 5310
1817 1087 1979
1818 868
1819 839 4577 5785 1483 1446 3686
1820 1977 3011 5490
1821 3822 3011
1822 839 307 868 1028 2795
1824 530 2049 1202 1747 1265 2808 1644 3646 1646 1841
1825 3011 1957
1826 5518 3065 2270 89
1827 1284 3123
1830 148 3176
1831 3590 709 1747 1977 748 1394 1968 4800
1832 1747 1394 1779 1968 709 4800 748
1833 1841 1202 1483 3065
1834 3646
1835 3822 1009
1836 3053
1837 270
1838 3646 3053 3083 4040 3516 2917
1839 3123
1840 5785 3156 2021 5721 3123 839 1977 441
1841 1841 720 4577 3156
1842 172 6014 4800 1414 5946 194 5785
1843 1446 1957 1841 889 868 5563 751
1845 3822 3646
1846 89 1957 4124 1087 2809 5310 3011
1847 5473 868 2062 4981
1848 839 868 3822
1849 2978 720 4577 3156 2867 2062 530 2610 4981
1850 2795 1202 5563 4167
1851 868 3123 307 1942 3646 1202
1852 5785 332
1853 5578 307 3011
1854 3822 307 1424
1855 4310 1841
1856 5490 530 868
1857 5785 5170 1979 4800 332 1028
1858 1940
1859 1957 4506 5563 1841 1732 307
1860 1202 5578 3646
1861 530
1863 1559 1202 839 89 1610 2795
1864 868
1865 3646 3053 495
1866 5473 423 1202 1979 839 4605 4769 4577
1867 2795 868
1868 1483
1869 1116 1940 1979 868 3646
1870 3311 4800 1779 3766 1850
1871 2231
1872 1483
1873 5473 1009 1116 3053
1874 3560 318 2062 5994 4256 150 1202 6014 3460 4040 3691 3194 1940 1578 2379 5310 495 1823
1875 5946 1716 1264
1877 3819 530 3646 1850 4310 751 5051 150
1878 3646 1446
1879 1957 1242 3065
1881 1050 1116 868
1882 838 1942 5490 4310 2130 1841 548 2070 3331 1940 3460 3283
1883 1050 1841 1979 5490
1884 5490 1181
1885 1957
1886 1424 4577
1888 5634
1889 1979 3646 530
1890 3011 3473
1891 2596 1202
1892 3156 3000 4605 1202 4821
1893 4506
1894 1087 5395 530 2795 3646 3053
1895 5490
1896 330 5790
1897 136 5490 5331 839
1898 1301 883
1899 889 1850
1900 1116
1901 150 330
1902 1265 1483
1903 4769 2917 5790 3460 1483
1904 5790 5490 1979
1905 1446 168
1907 4865 5170 2802 3731
1909 5790 2917 1793
1910 1424 4751 1264
1911 330
1913 89 5490
1914 1793 2059 3646
1915 3227 5170
1916 3227 1181
1918 1483
1919 2130
1920 1841 148 5395
1921 1163 1604 3689 5790
1922 150 2062 2105 5563
1923 1841 3819 4167 4865
1924 1202
1925 1446 5490 5790 1778
1926 889
1927 5785 4829 2121
1928 3473 1841 1979 1202 5490
1929 1610 1598 4310 2867 1836 5790 1446 5473 1087 3065 2819 1141 1957 3969 5993 1979 1841
1933 89 3822
1934 1979
1935 1119
1936 3299 1116 2917 839 5473 172 5331 307
1937 4769 2187
1938 136 3686
1940 4800
1943 868 2105 3156 330 1841 307
1945 3156
1946 2488 330 1483
1947 3053 1446
1948 5578
1949 4605 1412 3299 1596 1716 1850
1950 1793 3156
1951 3646 5490
1953 1979
1954 1940
1955 4506 410
1956 1911 1020 1716 5170 5069
1957 530
1960 530 3646
1961 150 3460
1962 307 5170 89 1841
1963 868 3518 148 1265 936 5790 2640 4506 586 5490 5870
1964 4577 2245 1050 179 3832 1265 5790
1965 1957 5490
1966 126 838 330
1967 1202 1942
1970 3460 1942 1979 2062 748
1971 1850
1972 330 3065 2231 307
1974 5790
1975 1811 1202 3010 2967 2809 5790 194
1976 4040 5790
1977 5790 307 3053 2130 1202 5490
1979 1979 2626 751 330
1980 330 1028 150 839 6038 172 5170 3065
1981 4800
1984 1009 307 1202
1985 2897 1202
1986 1014 1623 115 3766
1987 307
1989 2500 3010
1991 3460 307 2917 1202 726 1483 328
1992 1841 5578 5395 4056
1993 3156 720 5578 2917
1996 3473 5170 332
1997 4981 5785
1999 1953 3408 410 5327 4506 1979 1732
2000 720 2105
2001 1163 172
2002 548 4680
2004 3830 1087 332 4800 2783 838 1181
2005 4981
2006 4800 3766 3408 1850 5315
2010 3176 1596
2011 1942 855 2062 179 1218 5721 3832 5790
2012 4800 2795 5785 194
2013 2795 194 1850 1087 4865
2014 3938
2015 307 1850
2016 307
2017 89
2018 3000 1087 337 1202
2019 4800
2020 3686 4800 1841 5170 1747 1979 332
2022 150 3819 172 1716 720 3473 3822
2023 3822 5946
2024 172 332 2500 4829
2026 1414 5946 754
2027 172
2028 194
2029 73
2030 1264 1273 4832 3156 1911 6014 855 2840 1490 5954
2031 5954 2062
2032 194
2033 1202 73 136 1116 330 4605
2034 3175 2105 4800 1775 5248 3194 5490 328 3313 1347 720 1841 1124
2035 3065 1163 3156
2036 4275 666 2608 4832 720 1940 5490
2037 3408 1446 1716 1957
2038 5490
2039 5490 2062 720
2040 720 5490
2041 1116 1940 1841
2042 1841 2076 677 1578 1779 2062 337 1823 1421 3016 3376
2044 5170 332
2045 1747 89
2046 1483 2917
2047 332 5170
2048 2795 423
2049 1979 3460
2050 2500 2867 5790 2088
2052 1979
2054 1779
2055 1087
2056 3065
2057 89 1087 3822
2058 623 1414
2060 3646
2061 5946
2064 1087 527 530 4587 441 5563 1957
2065 332
2067 2231 5392 1116
2070 179 98 3558 3156 3516 5473 3065 5392 4056 2984 1550 1264 2877 2809 839 530 3938 1314 1116 3331 2450 1841 410 2076 1823 751 2245 292 2069 4680 2445
2071 839
2072 1116 1202 1793
2073 3766 4056
2074 3473
2077 441
2078 1009
2079 3646 1793 3123 530
2080 1412 1793 330
2081 4800
2082 2076 5292 1642 1850 234 3299 3518 1273 3462 1911 3408 1202
2084 2270
2085 172 332
2088 5170
2089 5785 307 1929 332
2090 1977 1716
2095 2564 1265 868 1957 3646
2097 5310
2098 1388 1841
2102 1180
2103 3156 5785
2106 623 404 5392
2107 5395
2108 328 1957 1202 868 889 1811
2109 194
2110 4515 530 2795 751
2111 3830
2112 1202 3156
2113 1202 3830 307 5410 1942 5790 5721 452 2917
2114 691 1251 5790 1979 4275 3065
2115 2906 89 3819 530 3460 3663 1202
2116 530 3011 1979 307
2117 3156
2118 1264 868 5790 2062 150 5315
2119 1841 1301 5490 1778 5993 3053 3083 3094 1202 3646
2121 1202 89 3104 136 5445 3123 1028 1979
2122 868
2123 3766
2124 3460 530 3822 307 3646 89 1202 4807
2125 4605
2126 1018
2127 3805
2128 332 1181
2129 1414 5170 5578 4056
2131 172 2783
2133 1163 4605 4577
2136 150 1412 5473 2917
2138 3646 5490 2130 1202 1841 883
2139 2867 1841 1202
2140 5490 666
2141 5170 1979 5473 330
2145 89
2147 1202 1850 2795
2149 1793
2150 1559
2151 3646
2152 936 1732 1050 3766 1841 89
2154 89 2270
2157 1942
2159 73 307 89
2160 1979 2245
2161 1028 73 1716
2163 3011 868
2164 1347
2165 194 1977 5490 2062
2166 868
2168 3011 3460
2173 4981
2174 3011 5490 1977
2177 1264
2178 5490
2180 1957
2181 3646 889
2182 530 5490
2184 5785
2185 3646 1957 868
2186 1087
2188 98
2189 270
2190 4310 194 330
2191 2062
2194 1732 3545 1351 1181 3588 3208 1850 4821 855
2195 1793 2610 5490 3331 1957 1202 3646 3049
2197 5315
2198 726
2199 5392 1018 1841 307 1116
2200 5170
2201 1028 5315 4056 5785 1347 883
2202 307 4056 1604
2203 270 5785 332
2205 238 751 1412 1979 150
2206 1979
2207 5578 5785 332 5445 3686
2208 1242
2209 136 3473
2211 5052 3473 172
2212 3227 3548 1555
2214 5490 4821 1414
2215 530 441 3646 5473 3056
2216 1163 2809 1264 2978 5403 4725 2564 5468
2217 1716 2130
2218 5310 1979 2610 5993 5490 910
2219 1940
2220 4167 150 4829 3065 548 896
2221 2062 720 2375 5490
2222 548 292 5578 1578 3560 1823 1841 4310 410 3049 5490 4832 342 3065
2223 328 2246 1953 3545
2224 1316 3766 1028 3830
2225 3376
2226 5392 1979
2228 6014
2229 3473 6014 1009 1766
2230 1009 2088
2231 530 1018
2233 4506
2235 4865 4275 3460 1018 5490 868 89
2236 89
2237 5578 89
2238 89 1483 3408
2239 1087 3646 883 5490 1202 3053 89 530 3065
2240 89
2241 89 2809 5385 530
2242 89
2243 89 3473 2121 5170 5652 1483 4310
2244 868 89
2245 89 3822 1732
2246 5170 89 3558 1979
2247 1979
2248 5989 5170 332
2249 194
2250 530 1793 4167 3065 4275 2049 1841
2252 307 5563 868 3460 2062
2253 5785
2254 720 4275 868 3065 3194 3646 1555
2258 3065 4680 1775 3194 751 1850
2259 2917 1979
2260 4310 2062 2809 720 3646 1979
2261 720 5490
2262 1087
2263 4981
2264 5403
2265 1028 332 307
2266 1265
2267 3646 1346 5490
2271 751
2273 3822 270
2275 1942
2277 2130
2278 5790 1841 332 1483
2279 1087 5331 5785 4577
2280 332
2281 3822
2282 3822 1940 1087 4577
2285 4800 1987
2286 586
2288 332 1940
2289 3408 1087 1911
2290 1087
2292 5052 3227
2296 1414 1940 1823 3618 4087 3588 3560 1911 530 1841 1711 1598 2379 2130 936 2906 150 2070 5878 3439
2297 1979
2299 1018
2300 1942
2301 1850 527
2302 1766 4769
2304 3516 3517 1264 3222 2096 1087 3208 5619 1911
2305 172 5052
2306 148
2307 3283
2308 530 1957 5490
2309 1087 4577
2310 3646 1940 1124
2312 5403 6000 148 1414 332
2313 1957 677
2315 1050 5392
2318 5790 3473 3194 1087 1841 1483 3548 1202 5518
2319 4680 4605 330
2320 1979 3156 623 4463
2324 1646
2325 1028 5785
2326 5300
2327 1014 883
2328 883 2795
2329 1265
2336 1446 2130
2337 2361
2340 2130
2341 1850 751
2344 2795 3749
2345 172 1028
2346 1028
2347 4506 1028 1242 150
2349 3156
2351 868 1202
2353 1841 3646 2088 5785 2610
2357 4506
2358 4506
2360 2062 5490 307 883
2361 2130 1979
2362 1732 5490 883
2363 883
2364 5385
2365 1028 5445 5785
2367 2130 1087 530
2368 720 1841 936 5490 1977 2105 1424
2369 194 3065 4695 883 3053 2795 3646 5490
2370 5385 2130
2372 3065
2374 1446
2377 200 3039
2379 530 2130 3473
2380 5954 5578 530 3473 1610
2383 1202
2384 5473 5996 1732
2386 330 1412
2388 3646
2390 150 1028 1979
2391 1446 1420 307 1841 4605
2394 530 748
2403 1940
2404 5170 1414 1779 3473 5578
2405 5785 3123 1202
2407 868 1957 5490
2408 3646
2409 751 4605
2410 1747
2411 623 1202 4577
2412 4769 172
2414 1414
2417 148 1646 4680 1953 2894 1604
2418 4275 5052 6014 3011 2246
2419 5491 4840 855
2421 3611 330 1202
2422 307 3819 1841
2423 4446 3104 4003 3331 3481 330 5411 126 1714
2424 4003 4807 4463 942 411 126 1259 132 3091 3469 200 1598
2425 6014 942 4463 4859 3208
2426 2984 4591 1265 1000 6014 172 4859 1241
2427 936 666 4167
2428 410
2431 4605 1841
2432 5578
2433 2894
2434 1841 330
2435 330
2436 330
2439 194 5785
2440 3011 3646
2442 1202 5790 150
2445 332
2446 3299 1841 2075 3686
2448 1841 1483
2449 2917 5954 194
2450 1716
2452 1172 5790 748 4056 2917
2453 3299 172 3938
2454 172 839 1979 307 1018 3156 1604 5331 1716 5170
2455 1604
2456 2917 4807
2459 1242 332 3175 5069 1181 4587 2802
2460 6014
2461 2231 1841
2462 2795 307 1841 330 1483
2464 5578 1751 332
2465 5490 2062 5578
2466 5537 423
2468 720 2271 2062
2469 1779
2470 868 4832
2471 1850 2130 1942
2472 3646
2473 1028 1751 1929 1598
2474 354 3065
2476 5445 2795
2477 1841
2478 1940
2479 3460 5578
2481 1841
2482 332 5170
2483 1716 3819 1751 307
2484 136 5673 4769
2485 148 1412
2487 751
2490 2500 172 1028
2491 3830
2492 1911
2493 1087 332
2497 4769 1202
2499 5785 6014
2500 4832 3227 5946
2501 1457 4678
2502 307
2503 3646
2505 1979
2506 3473
2507 1087 307 2795 1957
2508 4056
2509 868
2510 1940
2516 3646
2518 4310 751
2521 3460
2522 1202 1850
2523 5989 194 1202 4931
2526 2809 1604
2528 3622 330 1550 2245
2529 4680 952 1242 5989 1850
2530 148
2531 1979 3611 3473
2532 2022 148 3460
2533 5490 4769
2535 172 5331 2187 1018 1116
2536 3462 1202 2759 4948 5170 1642 2175 1623 148 5052
2537 1732
2538 3819 1014
2539 2270
2540 4275 148
2541 2062 5790
2542 1716 3299
2543 2802
2544 3227
2545 148
2546 150 3299
2547 148
2548 4832 1273 2105 4821
2549 1747 4800
2550 3545 1732 3819 1979
2552 172 1483 751
2553 4310
2554 2046 1836 1747 150 623 622 4167 2445 3731 4446
2557 150
2560 1124 150 1929
2561 4506
2563 3065
2564 150
2566 1050 3361 2167 150 3832 910 1028 748 4821
2568 150 3545 6014
2569 150 3208 3065
2570 6014
2571 150
2573 1957 4506 307
2574 5300
2576 3819
2577 3222
2581 5785 5578
2583 3065 1957 3646
2584 625 4587
2585 1202 3065
2586 1202 5490
2587 3646
2588 1578 1957
2590 5385
2591 1979
2592 6038
2593 172
2594 2802
2595 3560 5687 5392 307
2596 3299
2597 3473 3299
2599 1483
2600 3409 1841 3686 3473
2602 868 889 1841
2603 1942 3646
2604 1841
2606 4769 2062
2607 1957
2608 1116 1850
2611 5490
2612 4821 4769
2613 1028
2615 868 2897 4695 5687 889
2616 5490 1957 4598
2617 1957
2618 1116 1940
2619 530
2620 751
2621 3646
2623 3227 5490
2624 3766
2625 2105 1979 3065 5310 2245
2628 2795
2630 1644 868
2633 3545
2635 307 1604 1202 868
2636 2130 2795 530 1732
2638 1265
2639 1202 1227 307
2641 5785
2642 1202 1957
2646 172
2647 1979
2649 5490
2650 172
2651 2062
2652 4800
2653 3686
2657 172
2658 1732 1945 4725
2661 1351
2662 3227
2664 1087
2665 172
2667 5052 172
2669 4680
2670 5170 2917
2672 172
2673 1841 172
2675 5537 4931
2676 1354
2678 307 172
2680 5687
2681 3208 4577 2840
2682 1716 1940
2683 1732
2684 330 1841
2687 194
2689 751 3516 3517
2690 754 172
2692 172 868
2693 5170 194
2694 3227
2695 2500
2698 194
2699 1604 1202 751 2978
2700 2917 194 3156
2701 5790 1979 1793
2703 1793 2076 1202 3065
2704 754 2375
2710 1202 889 2917 5790 5490
2712 3663 1747
2714 868 1940
2717 1412
2719 3408 330 720
2721 1202 1709
2726 5790
2727 1202
2730 4807
2733 5170
2734 1483 1202
2735 1483
2736 1841
2737 4769
2739 1940 5170 2271
2740 2105 330
2741 2130
2742 3646
2743 4832 2840 2076 751
2744 5785 3822
2746 1942
2747 3646 3053
2749 3646
2750 1911
2752 5403 6014 5993
2754 4800
2755 1346
2756 3646
2757 3053 868
2759 868 1202 3663 194 751
2760 1264
2761 330 307
2763 754 1388 1018 2062 1202 1942 1264 4605 1841
2764 4463 330 1014
2768 837 1265
2770 194
2772 330
2774 5870
2775 1264
2778 1202
2779 1711 1747 1483
2781 5578
2784 2062
2786 3389 3646 2022 1646
2788 4769
2791 3065
2792 4680
2794 868 6014 3646 5490
2795 1957 530
2796 1793
2797 1979 1957 3646 1116
2798 1555 1841
2800 3646
2801 1841 868 1550 3065 410 3283 2687
2803 3646
2804 868 2062 4695 5490 4167 1202
2806 2062 342 1977
2811 1732 1483
2814 530 2795
2816 3473
2818 5490 1957
2820 3822 5785
2821 2897
2824 1979
2825 5170
2831 4769
2833 5310 3011
2835 530
2836 332
2838 2062
2839 1929 1202
2840 5310
2841 5563 307 1242 1202
2843 868 3663
2845 1850
2849 1841 530 3646 5490
2851 751
2852 751
2855 5490
2856 2062
2859 1979 3819
2860 2626 1850 3156 4865
2861 307
2862 3819
2870 2867 1979 868 2062 5603
2874 868
2877 3686
2879 748
2882 6014
2894 2809
2895 1028
2899 1942 1264 3065
2901 3065 530
2904 1979
2913 1979
2914 1732
2916 1942
2917 2130
2920 868 1979
2922 839
2923 1979
2924 6014 1850
2925 1483 1732
2927 530
2930 868 5300
2931 1747 1841 292 3481 330
2935 292
2936 404
2937 1940 1028
2941 2062
2942 2917
2943 332
2945 868
2947 4680
2948 1181
2952 3053 868
2954 1987 5274
2957 3065
2958 332
2959 5870
2960 307 868
2963 5490 1087
2968 5578
2970 3065 3473
2971 751
2974 1264
2975 5946
2976 6014
2980 4167
2982 1979 2271
2987 1716
2988 4167
2989 330
2990 330
2992 1424 330 3283 1412
2993 330
2996 1957 1264
2997 330
2998 530 330
3000 1732
3001 4981 1979 332
3002 332
3005 4124
3006 1596
3007 4769
3014 1732
3015 868
3017 868 889
3022 4310
3023 5810
3027 2130 1732
3028 1265
3032 1979 4506
3036 3070
3037 1050
3039 1087
3042 5392
3045 6014 5541
3055 4506
3056 3408
3057 4587 5721
3058 1141
3062 720 1264 2105
3063 868
3071 1087 709
3074 3473
3076 1977 2062
3078 3011 3822
3080 5735 4769
3082 5490
3084 2105 868
3089 1841
3092 1050
3095 1957
3096 5009
3097 530
3102 1028 3227
3111 3766
3118 868
3120 1265 4981
3123 5721 1940 868
3127 1457 1242
3132 1265 3646
3135 4275
3143 4275
3146 3819 2917
3147 1979
3148 4446
3151 1202
3152 751
3153 1251
3155 3830
3156 1979
3158 1979
3160 4577
3163 5490
3164 1911
3167 709
3168 4577
3169 2488
3170 4800
3172 1202
3177 3832 838 3646
3180 1604
3181 2917
3182 1732 3222 751
3187 4751
3193 839
3201 868
3204 1316
3205 1940
3207 1483
3216 1020
3225 4577
3228 1604
3233 3065
3241 4577
3242 3011 3283
3251 5490
3255 3065
3257 1841
3258 2062