0 1389 5491 1181 348 1420 1911 5624 2858 2022 1462 4598 1700 1747
1 2925 925 2022 790
2 2908 5900 172 3501 1911 1181
3 5392 1226 592 1251 2565 3078 640 2503 101 2654 486 1546 3389 3418 4256 3469 3501 2167 1163 1159 5996 632 1716 2839
4 4369 3830 1911 709 1159 2246 3156 2654 2270 2714 3011
5 2167 2175 1164 342 1896 871 1850 1163 1398 318 826 4751 2763 4948 1140 925 1264 608 3457 5486 126 1797 2867
6 126 1700
7 1389 1305 348 313 194 4865 1700
8 1586 1140 1264 2022 4832 172 1797 3650 3376 1242 4308 2989 2408 4083 1700 1850 1273 1610 1896 5890 2175 2565 2967
9 1546 1305 2118 3439 1412 5456 318 2908 1700 1201
10 2714 1610 410 2167 4310 925 2021 2925 2022 1700
11 5052 2714 5900
12 3052 2908 1911 313 1087 1700 2565
13 1911 1398 1546 2840 1140 726
14 5486 5721 5900 2714 925 3065 172
15 1896 5619 2022 5491 1424 5095 2859 1305 3275
16 2908 4577 207
17 726 845 2022 1610 3310 3065 3052
18 3011 1911 2989 1716 1864 2565 410 1515 313 4800 1700 5996
19 2565 2022 5061 5721 3961 3646 640 348
20 726 1716 1120 3830 1546 2823
21 1515 1896 2908 3161
22 1896 5486 1389 1305 3755 5900 1424 1650 3469 1727 5482 1412
23 4932 5537 4832 1747 1700 1546 2925 1305 2839 3693 1515 5996 1368 1087 2714
24 3039 4577 1462 2014 936
25 4577 2925 5392 1124
26 5482 2989 1462 1546 1201 1140 4932 1911 1700 318 2022 845 3117
27 410 1018 5996 1911 1700 3011 348 1716 2021 3548 481 4577 3389 3469
28 1278
29 3222 3650 2908 1273
30 1515 4310 2908 3460 2175
31 481 3469 1911 4577 5996 3993 845
32 2925 4577
33 2925 1911 2823 3156 726 4292 2022 5900 925 2167
34 4577 2714 5491 2040 1586 3650 3510 313
35 1700 4577 1610 2022 1911
36 1018
37 5392 1586 1610 2022 1700 5220
38 736 1159 486 1546 726 3993 3055 3501 2246 2565 925 2925 348 2167 1896 1120 2270 1305 191 5721
39 2925 410 1864 2565 2858 1700 1398 5996 2270 5061 1716 1896 423 2040 5392
40 2823 3469 481 342 3830 2858 1140 3123 1911
41 1389 1747 318 5491 3310 1546 2654 1087 2565 1700 194
42 1896 5491 1087 313 2040 1700
43 3693 4761 3439 2763 126 1264 5240 2167 2104 2105 1018 2908
44 4632 348 310 640 4821 5482 1140 4003 3055 3275
45 1700 5486 172 3065 2022 1911 2858
46 5618 1140 1610 2022 2565 5392 4083 1202 3376 1264 1700 1896 172
47 318 2331 194 845 3065 1700
48 4475 942 348 133 5996 4632 3087 2246 1159 2759 1305 194 1700
49 5996 410 2925
50 2040 1140 1911 423 3469 342 4832 2823 2989 1305 2908 1896 2801 1159
51 5996 1546 4832 5240 2022 348 3993
52 1911 1700 1546 1424
53 1700 1087
54 2565 318 1700 1087 2908
55 2989 1546
56 5624 5619 1860 4577 1259 410 871 1700 4292 1389 1290 2967 1797 2271 5996
57 4832 5491 318 1087 348 4827 1896 1957
58 348 2925 4256 172
59 410 1555 2565 2022 2167 3123 5996 4832 1700
60 2823 1911 4308 5052 1797 2022 3217 1546 1140 871 5619 1700 1896 1264 2858 495 2554 2503 4292 2925 348 1018 1596 1398
61 318 1087 5395 1398 4577 2040
62 5327 348 2271 1140 1242 1389 3457 3545 5890 410 1797 3646 3117 666
63 2270 1911 2331 1546 1398
64 4475 3993 2714 2040 1911 5619 2022 4821 348 3646 1650 1140 172 3650 4292 1462
65 348 4577
66 5999 423 3123
67 5996 2270 2759 5094 348 2839 1305 2022 1700
68 1159 2503 632 410 1201 4541 4865 348 3052 1018 1273 3078 3434 3473 2565 101 2022 2167 1279 2654 2801 2819 1305 4303 3457 5996 5947
69 4577 1201 2910 4369 2654 3749
70 1398
71 130 4040 2040 4832 5052
72 1911 3310 348 2925 3123
73 2925 348 3389 790
74 1700 3501 4256 1201 3646 3123
75 1120 2270 2823 43 1700 5996 2925
76 5052 5624 2714
77 845 3117 194 1546 1305 5482
78 4475 2925 4256 5619 3087 1201 1896 2714 1305
79 3693 2925 936
80 2040 1700
81 2091 1273 1700 2040
82 3065 2714 1546 43 2908 2091 1700 172
83 2270 2925 3646 2823
84 1610 1896 1700 4832 1504 5936 1911 2022 608 5456
85 3693 1316 236 2989 2908 1864 3993 2270 2167 2839 4832 318 4303 5999 348 2565 5721 4541 3087 5392 5996
86 1911 3117 1968 2714 2840 2450 1462 2925 5634 3389
87 826 1896 3545 5327 172 1700 1797 2022 1242 1911 5491 1850 871 318 5745 4751 1389 4948 896
88 1546 3123 1140
89 2270 2823 1700 4124 726 5996 1120 5619 3457
90 1120 1555 2925 2528
91 3646 3123 1462 1120
92 726 410 4475 4832 2859 348 2858 5061 1546 3469 278 5996
93 2565
94 2022 5634 2925 4369
95 2040 3548
96 2859 318 1462 5331 1700 5482 2783 5491 1389 1305
97 236 5482 2823 4475 5900 5392 5456 1957 1462 5999
98 1462 3693 3469 2839 1911 348
99 1911 1546 4003 278 4114 4632 2989 172
100 1273
101 1578 1911 1747 936 2331 1202 2270 1700 1896
102 5052 1087
103 3156 1700 2565 1896
104 2839 331 1159 1546 4446 5996 2654 423 19
105 1700 3439 318 4832 1896 2714 845 172 5052
106 1273 5996 172 1305 1700 5094 1716 3217 790 1389 1546 1911
107 4256 1201 1462 1515 4040 2528
108 1087
109 5085 5996 1716 2925 3275 3123
110 3646 1087 1462 1201 1018 4577
111 318 1546 172 3065
112 1305 5392 172 5482 1462
113 2925 2714 3457 172 2450 4256 1546 5482 410 4475 5890 1968
114 481
115 1896 4832 1087 2908 1546 278 1202 172 1140 2408 5624 1273 3065
116 2021 1462 2989 1120 2270 2759 3501 5900 1546 5936 2565 313 1305
117 5999 1120 790 5634 4827 845 1911
118 1462 4577
119 172 2714 1462 3117
120 4577 2925 1120 1716 348 5634
121 1911 1546
122 278 2839 1700 1124 3646
123 410 172 43 5456 1515 5996 4832 2270
124 3961 1911 1462 310 4475 348 4115 2840 4821 3055 4932 1700 4292 3646 5482 1305 3275 5456
125 348 5999 1716 43 1120 3389 2270 2925 1942
126 2925 2452 5392 43 3123 5890 5954 1911
127 172 4475 313 126 310 1896 3275 3439 1546 3457 1305 3052 348 4783 2989 3123 2503
128 3693 191 5996 1546 1242 1797 1140 826 2759 269 1305 495
129 2270 1911 4292 2908 5890 1120
130 481 2565 1201 1716 342
131 1504 3501 1424
132 5890 5482 1596 3055 2049 3217 348 410 4475 1546 666 5900 495 3961 4292 1586 1864 2167 3201
133 4577 348 2823 3117
134 1546 313 1462 5900 1305 1159 2858 2528 3830 1911 4369 2331 3646
135 318 2783 3961
136 2714 2167 1646 5240 1389 126 4114 4256 3548 1353 1100 1202 2783 2271 4832 3169 826 2022 2840 1797
137 2565 2823 2528 2452 423 3510 2925 1120
138 4948 5954 2908 2270 2925 342
139 1700 126 2859 5052 4256 5491 4475 2565 318
140 1424 826 5537 1896 2271 3545 318 1797 1850 896 1100 871 1389 1700 5491 148 2554
141 2908 2270 1716 2565 1700 5996 3065
142 1700 1546 4541
143 423 2331 1700 726 3473 318 1911 1087 1896
144 5634 1896 2925 5392 1124 172 2823
145 269 5996 1700 410 5094 2925 1305
146 2270 1120 4256 1555 845 1911 2925 5410
147 5491 1700 318 4040 278 1368 1650
148 348 4832 1716 4577 43 1462 4475 1515
149 410 1700 2091 348 1398 1140 2270 1305
150 2925 5936 43 4832 410
151 5456 410 4932 3310 2925 5999 5936 310
152 318 313 1273 172 4832 1896
153 423 2908 3275 5624 1140 43 1546 318 1942 5900
154 3646
155 3646 3501 172 1700 666 495 1797 19 2270 1202 348 1911 5052 234 1201 481 1414 5392 4256 1596 1140 1398 2271 3217 5482 1264
156 1546 4632 1864 1716 126 1305 4827 5996 410 1700 4114
157 4256 1124 481
158 2908 1911 194 1700 1201
159 2331 845 2270 1087
160 348 4040 278 2714 3389 1462 3646 2925 5721 2022 5619 1398 3117 1911 4577 5890
162 1546 2859 1273 172
163 348
164 2823 1700 342 4292 313 2858 5331 1546 2022 2270 423 2925 3156 5996
165 2759 1163 3428
166 3217 2967 1265 43 1911 1462 1700 3473 2867 4832 1273 348 1087 4632
167 3156 2565 1546 5996 1968 2687 348 1087 1700 2270 1305 4598 3501 1140 3548 3039 5537
168 1201 3646 172 1942 5095 1700 1911
169 1911 2908
170 2783 318 1273 1057 2167 2989 1389
171 1273 2270 3646 3217 3123 871 1797 1368 148 1100 2925 4577 348 278 2714 2823 3457 5721 1650 936 845 1140
172 2167 1700 481 5094
173 3027 4827 1700 1911 3123 1424 411 1305 726 5095 2167 2917 1242 1251 269 1896 3822
174 2714 3055 2989 348 2763 1412 5900 4256 2331 2858 1546 3275 318 726 2565
175 1398 348 2565 2783 5052 1911 1586 1057 2908 3161 1305
176 1716 2925 2270 1911 1120 1140
177 1305 1504 1911 342 1896 4832 3275 1412 2908 2714 3052
178 2654 133 101 4645 5491 1159 1598 481 2984 2823 3052
179 348 2270 3123 4292 2823 481 1515
180 5392 5936 5954 3646
181 3389 348
182 1424 1911 2167 2714 5603
183 2565 3469 1424 1273 3376 1087 3993 172 4577 1911
184 5486 1159 2759 623 2654 1716 1942 3830 1546
185 172
186 1305 2503 5491 2714 43 348 5624 126 3439 4475
187 4577 3548 3011
188 43 2270 1124 666 2022 2823
189 2925 348 3646 43 4292 5890 1546 2714 1462 3117
190 4167
191 838 3389 1833 2925
192 172 3646 5936 3618
193 2823 2925 43
194 5900 2167 1596 1797 2049 1242 3455 1850 936 172 666 871 1265 2565 2967 4832 1351 410 2091 1747 2271 3222 2270 1305
195 2925 5634 43 4832 348
196 2270 3646
197 2925
198 3011 2565 1273 5603
199 1578 3065 3015 126 2167 172 5900 4003 342
200 1140 3217 1747 318 1850 3646 1100 2967 1700 2040 2565 43 936
201 4256 1201 172
202 4577 2839 348 2021 3683 666 43 1009
203 342 5052 2270 1316 2167 1610 1057 2714 2565
204 5052 1700 3469 4821
205 5052 5624 43 172 5392 1305 2503 348
206 2565 348 726 2967 4083 1504 1353 5051 2271 845 5745 1555 2763 3201 1202 2379 4832 2823 1389 1305 1896 2049 2714 4577 2989 5721 936 1596 5534 1700 925
207 2040 5220 3650 925 1273 4577 5486 2022
208 2565 4475
209 348 1305 3755 2452 3275 5456 3460 1462 2783
210 1201 348 1896 1140 4832 1546 4292 1305 1942 5999 4475 3646 3993
211 2503 3310 3473 3646 3993 5482 1305 5052 3117
212 873 172
213 4003 4114 313 873 5456 126 3275 3961 5491 1546 318 2113 1305 2452
214 19 2967 2040 2271 666 2452 4632 348 1389 1398 4308 896 3650 2840 1353 1462
215 4475 4003 348 1555 3275 1727
216 348 5392 4114 4256 2714 4475 354 172 1201
217 1462 1499 1797 2967 1546 1911 1596 1305 5456 101 2022 826 4475 2121 896 1140 1290 3201 19 5482 3819 4632 342 5392 5900 666 936 5619 1700
218 172 342 1911 2022 925 1642 2565 2040 4369 5456 1412 1159
219 4369 1462 1716 5385 2925 1398 318 2017 5996 2654
220 3830 4827 5634
221 1163 4577 2925 2565 3123 3275 3646 4292
222 3693 1087 2270 1716 2839 3123
223 1716 452
224 4124
225 2925 1716
226 3169 2759 5996 1716 1911 2022
228 1424 5996 5999 1911
229 5996 1087
231 4577 2908 348 2823 2925 1201 4865 194 2654 5473 1462 3330 2270
232 1864 2917 1732 3455
234 3052 3455
235 2503 1018 1515 410 1716
236 318 2858 5624 1546 1305 1911 1578
237 3457 2022 3123 2565 348 3434 481 4541 1159 5302 2528 5745 4308 3078 1279 101
238 410 1700 5996 5634 1462 5094
239 1896 1700 2925 2908 1716
240 2823
241 2528 4292 1610
242 736 1120 4577
243 2105 2925 1264 4292 3275 2270 2839 1159 1716 2503
244 4832 410 5094 1700 348 2270 5456 2503 2858 1546 5996
245 5052 4541
246 4832 1716 1642 2167 3055 2925 5331 1911 5900 348 3439 410
247 410 4577 5392
248 1424 2246 5996
249 4577 2925 410
250 3501 1159
251 5456 5482 5890 4577 3117
252 1700 5534 2925 1163 5996 2908 2823
254 1009 1700
255 2167 2839 2040 4475
256 1700 3408 318 1957 4541 3078 3961 1124 2022 4292 3161
257 172 168 1596
258 1911 1700 5996 2908 3161
259 623 1140 5936 3055 5240 2270 1896 2759 348 331 3439 4040
260 2040 5634 4577 1911 1716
261 1596 3473 1957
262 2859
263 4577 1279 1716 5890 925 1159
264 5954 5392 1120 1305 1911 4292 1163 3457 4632 5395 348 2925 4475
265 1050 1018 1911 1515
266 1911 742 3039 4932 1424 5996
267 2654 3389 3087 2925
268 1159 1398 1957 2654
269 3588
270 1163 5491 1412 1896
271 1353
272 1896 2925 2167
273 1087 2246 2910 3646 2654 4577 1833 2452 925 2503 1583 1124 1911 1159 1398 4003 1555
274 1201 2270 1700 4577 348 4292 2859 2925 2823 3473 5392 481
275 2270 5996 794 3830 1424 1181 1700 5094 1305
276 2167 481 1716 845 1596 1911 5491
277 1279 1159 5456 1398 2246 1911 2654 101 925
278 1586 1911 2654 3548 2503 1957
279 318 2091 1896 2246 1273 1087 1911
280 5094 1140 5061 2270 1716 1515 348 1864 4040 1546 1700 5996
281 1716 2167 331 481
282 5603
283 5996 1462 5890 2925 1515 354
284 1911 5996 194 2925 342 1398
286 2246 3310 1100 5331
287 2528 4292 1159 4577 3548 348 925 4369 5634
288 2167 2271 1201 5392 2823 5890 3548 1398 1911
290 410 1201 3156 5936 481 1351 1911 3055 348 4292
291 1957 2654 1159 5456
292 1864 1163 3501 2167 1087 1700 5996 43
293 5721 2270 4577 452 5745 4308 632 3646 2840
294 1305 1398
296 726 1700 4124 1911
297 3693
298 4632
299 1716
300 342
303 1911 2859 1700
304 1957 1586 3123 5999 2925 3053
305 4577 1546 1159 2908 5954 1316 5996 3039 2925 313 486 736
306 1700 3822 2105 1896 1264 5996
307 4310 925 4167 726
308 1911
309 2167
310 1700
311 2503 1159 4827
312 2925 5170 623 4783 481 1546 410 2040
313 2040 2017
315 3830 342 1957 313 4292 2801 3123 2654 1120 3011 2908
316 2858 3830 1515
317 1201 3123 5996 5061 2839 348 4292 4369 1305 3039 1462 1515 1398 2654 2503 1159 3961 4829 3501
319 1163 5392 4577 3646 348 2925
321 1201 1555 623 495 1716 2331 1140 2270 1546 318 207 5936
322 2823 5999 5392 1264 4827 313 5482 5890 5721 3693 3039 3201 172 3650 936 3123
323 925 3548 4932 1716
324 1050 1716 3156 194 2858 5996 1398
325 3501 1716 1957 1450
326 2925 2167 1201 278 623 1398 1546 2858 3510 1700 3501 5721 4541 1650
327 2503 2654 2528 1159 2908
328 2858 5996 3501 1700 2167 5634
329 5392
330 2858 2167
331 2022 3123
332 5936 925 1716 3157 4577 1279 4369
334 2246 2503 1050
335 1716 1264 1398 3548 3501 1515 1911 1201 2925
336 3055 2022 1911 1716 410 3275 2858 4832 1864 2503 2270 3439
337 5996 1700
338 1368 751 2654 2565 2017 2246 1642 4369 2105
339 1700
340 2925 2503 5996 3039 2654
341 1424 2984
342 2925 1424 5327 3457 3830 4800 1716 1797 936 3501 871 4932 486
343 5518 5634 1716 5721 1420 5999 1265 2823 194
345 1159 2246 3749 410 838
346 3157 3052
347 3156
348 2022 5456
349 5491 2528 1414 4308
350 2925 410 1159 1264 1716 2270 2246 2503 4369 1120
351 5996
352 2859 2925 1716 2848 2503 2654 486 3749 4577 3646 4369 2823 1264 3055 925 4292 1159 5936
353 234 1700 3087 2925 172 410 5996 936 1265
354 2167 2246 130 925 2270 5936 4577 2654 4292
355 1864 1700 2167 5996 5094
356 3548 5392 1700 4840 2823
357 1120 2270 2859 2167 5996 4632 3275 5936 1911 3646 1716
358 3087 1700 410 1716 2167 1278
359 3330 348 4369
360 1911 2654 2925 4577 2848 2984
361 1087
362 838
363 2503 2908 2654 2246
364 5392 172 3469 4577 5936
365 5996 1911 1896 1515 5936 1700
366 1911 5095 2759 2714 5052 2270 1087 1700 3123 5491
368 4369
369 2908 2925 1163 4577
371 5996 4577 1716 3123 1700 2877 2270 2823
372 2654 845 3015 1159 3749 2840 5996 3157
373 3052 5936
374 2091 1716 3275 481 2759 5052 2040 5491 1515
375 2022
376 1515 1555 1911 2040 5721 348
377 2270 4577
378 5491
379 5491 1700
380 4308 3157 3078 4541 1226 1305 1050 5936 481 936 3015 1159
381 5996 3473 1120 2989 5094 410 3830 1911
382 2925 5331 2270 1462 2759 3469
383 194 2759 5085 5996 1700 410 3087 1968 1896
384 2167
385 5052 1504 1305 43 5619 1578 342 4475 172
386 3646 1163 2452
387 19 1979 1279 133 2840 1515 4577 3646 3310 3434 3969 342 2528 2925 4308 1050 348 4275 5491 845 5793 4040 3330
388 5052 5392 2022
389 2839 3650 2925 4577 4932
390 4577 726 1140 2022 2925 4932 5392 1911 1515 4292
391 3646 1504 1259
392 1546 1504 1911 1273 1896 1259
393 3460 2270 1316 5095
394 172 2270 5829 751 1797 1242
395 4310 4577 2925 3473
396 5890 2823 1546 4577 2925 1716 1462 4310
397 3161
399 5491 1700 2452
400 1140 1202 2021 5220 2014 2823 936 1797 1462 3217 5456 1896 1163 2925
401 2823 2022 2925
402 5392
403 3409 2091
404 1163
405 101 5203 5491 3457 3310 3078 1163 3418 527 4541 3361 2908
406 278 5302 2925 481 1279 4308 3434 269 2859 1159 5745 1546 3330 348 3123 5996 19 2528
407 2565 1747 172 4310 2270 1100
408 5392 1424 43
409 348 1504 1273 5052 1896 2908 1546
411 2040 5900 2763 1911 2091
412 2925 3087 5996 4577
413 4310
414 2022 2763 925 726 1140 2649 172 342 2091
415 410 1201 5331 2840 2167
416 1650 2925 278 2908 3157
417 2908 726 1462 1264 3123 2105 5061 1087 2925 3087
418 2167 1163 873 4310
419 4310 1957 2452 1163 5486 5392 2908
420 101 318 5624 3015 1650 2714 2331 4821 5900 43 2349 2452 2823
421 1716 5900
423 2908 1424 2167 1087
424 2022 640 5052 4124 1424 1259 1504
425 4369 2246 1087
426 3646 5052 5900 1163 1389
427 2022
428 1911 1140 5936 1896 4832 1273 5491
429 4292 2925 4369 1775
430 2823
431 3548 2528 318 3501 2503 1201 5052
432 2823 43 3117 1120 2925 1578 4577
433 348 2859 4832 126
434 1202 5555 826 2565 3439 1850 2271 3457 896 1242 871 1911 5411 3275 1700 1596 2503 1140 318 3055 126 666
435 1716 4821 1159 1586 5537 3157 726 3460 5996 4369 2654 623 2925
437 1716 4865 5996 1864 1523 1462
438 4932 1515 410 348 2565 1259 2925 1700 1716 2858 4124 5996 2167
439 1515 3683 5996 1911 4577 3961
440 736 2022 3650
441 3646
442 1353 1850 1797 481 3469 1242
443 2925
444 726 348 5996 5392 2925 410 1546 3560 1278 4783 1864
446 2908 3123 2270
447 1700
448 4577 1700 1368 43 5634 5996 3123
450 4040
452 3473 3516 2925 4622
453 4932 3161 1911 4577 1716
454 2654 1716 486 5890 2910 5996 1578 2925 2175 1546 1159
456 1732
457 1732
458 3501 2925
459 2859 1700 410 1120 3123
460 2925 1716 1911 5996 1700 1420
461 3693 1911 5996 3691 3087 1716 1864 278 2022 5624 2858 1368
462 3455 5409 1700 1555 1896 3961
463 4310 1515 348
464 5996 4310 1968 2452 3310 1700
465 1911 5999 2565 4577 2925
466 1586
467 5456 622 4598 1273 3376 1578 1586 194 172
468 43 3693 3501 5392
469 2528 1546 1864 4577
470 2819 1864 1462 2925 5996 3055 3473 1305 1911 2014 1700 1777 1515 3510 2167 5094
471 1896 2925 1273 2908 1265 1700 1747 1305 2040 3222 4124 3201
472 1515 1462 1700 4310 43 1163
473 1124
474 1523 3123 5999 2925 5240 2823 1716
475 1716 5996 5392 1700 1424 4645 3157 410
476 3646
477 1124 4783 5996 3310 5890 1700 1864 2859 481 2167
478 925 410 1700
479 1864 1700 2167 5094 2859 3548
480 2925 2839 936 1100 4310 3646 318 481 3457
481 1163 3123
482 1700 2452 4577 1716 5996
483 1911 3517 1700 5996 1957
484 1087 1864 410 1700 5996
486 194 2022 5603 5491 318 826 1201 3693
487 1515 942 2925 1163 1462
488 5996 3501
489 348 5619 4832 826 3457 1700 2503 2839 1850 172 2271 1797 2554 1596
490 1716 5996 2925 1700
491 4832 1596 2925 5052 172 5954 871 1305 1264 4303 5996 1140 1515 1700
493 4827 2270 2840 1159 5999 1398 4310
495 1716 4783 191 2839 3646 2022
496 5996 5721 1259 1546
498 4310 1163 5392
499 5456 191 1864 5721 2245 1226 3457 1654 5999 5603 4589 632 1911 5095
500 2925 4783 410 1159 3501 2246 5456 5392 925 1546 4369 3749
501 1462 2925 2910 3749 4369 2654
502 5619 1700 5392 5996 1716
503 1050 2908 3822 838
504 3275 5996 1911 1462 410 3501 2925
505 5996 1700 3830 3376 2908 1087 3310
506 1864 1700 1259 5491 2819 1398 1141 3501 1420 623 1732
507 5996 2925 1700
508 2910 2503 2069 1018 2654 2925 4577 1159
509 2040 2925 1140 5094 3156 2859 5996 2167 3469 1159
510 5052 1716 2167 4577 3161 1700 623 5996 2908
511 4124 3123 1515
512 43 2654 1462 2910 2848 5936 101 1201 1159
513 410 2925
514 5240 3646 2925 4292 5392 1716 2270 348 410 2823 1515
515 1305 5537 1716 2270 2040 2925 3548 4369 3156 1159 4256
516 133 2654 101 318 2925 5996 2175 3469 1159 632 481
517 133 2859 1578 2819 2908 4865 3679 348 2528 318 5300 5203 269 632 5095 5619 3473 3078 4541 1018 592 2105 5936 1264 2331
518 2040 5996 1700 2925
519 2040 4292 3330 2062 5996 348 4541 4303 194 2565 3039 3093 2654 1201 1279
520 1700 726 1140 1201 2167 1716 5996
521 5954 5890 1462 2925 2823 4577 3548 2270 4865
522 133 2908 3646 5302 2839 3460
523 2271 1316 845 1120 1351 1273 790 936 666 2967 1911 1957
524 5331 168 1159 5996 1124
525 3961 1700 1140 2167 4040 410 2759 623
526 2565 5203 3310 481 2452
527 5094 3646 3618 5996 2839
528 3117 2450 410 3310
529 1305 5999 2040 1957 1864 4832 305 1120 3501 2270 1546 1140 2759 1018
530 348 2823 3123 4475 5240 1700
531 5491 5302 5331 4275 4622 3078 2167 3330 2654 5946 2040 3529 2858 2565 2925 5999 1305 101 1159 354 1389
532 1578 2654 1279 3330 3039 1979 925 3408 348 1009 133 3683 2910 4369 5203 2819 1339 1462
533 2925 3123 2908 2819 101 4541 3434 481 269 632
534 2270 410 2925 4865 348 1546 2908
535 1140 2528 2925 3222 1273 2858
536 1050
537 2925 1716 2503 3548 936 845 1273 342 5936 1515 1420
538 2450 410 1864 5482 5619 2040 5996 2925 481 43 5890 1911 1462 1700 5220 3650
539 1050 1273 1700
541 348 4308 2925 5745 2565 1159 592 5721 133 43 4865 896 318 1414 1546 4292 2167 1833 4541
542 1140 5996 1911 3693
543 1896
544 4292 2925 3039 1957 2840 4541 4308 2062
545 348 4800 269 3455 2925 1779 5411 2331 337 1578 2224 4275 481 4541 1700 1957
546 1911 2565 2331 4632 3087 1305 278 2759 5721 1700
547 191 2763 2877 4003 1389 1896 1273 1462 3275 1523 2823 2809 2167 1546 3052
548 2925
550 1716 348 1700
551 4369 3749
552 2565 5392
553 318 2989 1546 2565 1911
555 3693 1462 2839 3283 348 3646 4124 3469
556 4310 2839 1515 194 3460
557 4577 1163 194 1700 2925 5996
558 2022 5486 1462 2450 43 1201 4932 1164
559 5900 1642
560 1305 2908 1087 172 1412 1546 2331 1201
561 1515 2823 1957 4310 1911 2925
562 5456 1546 623 2270 1368
563 1911 3469 2528
564 5634 4577
565 2783 1389 1583 2270 1259 3473
566 4577 4932 1450 5220 4292 2925 2022 790 3310 2270 1911
567 2270 2565 1462 3123 1087 43 1833
568 2022 4292 2839 1050 2925
569 2022 2528
570 3548 1700
571 1515 1957 410 461 1462 4292 4167 2925
572 1163 1700 1450 481 1462 2908
573 1942 2925 5936 43
575 3123 3065 236 4040 348 2175 4577
576 2925 4310 4577 3123 1087
577 43 5936 1424 1389 342 1700
578 43 2908 4783
579 3011 2167
580 2022 1555
581 1050 2925 2908 4310
583 207 2925 1163
584 1163 4577 1700 172 5392 666 2967 3039 43 1515 1911 936 342
585 1273 3961 2859 3501 2908 873
586 1394 4827 845 172 1462 5392 1911
587 2040 3646 348 1140 43 4827 1911 4040 3123 2565 2022 2175
588 2040 2022 2908 1610 1555 1140
590 1124 2925 1087 348
591 3961 3650
592 5392
593 410 1700 5392 3161 5996 2925
594 1201 5392 2113 5052 43 2714
596 1450 5721 2022 5900 845 2714
597 5721 1911 1546 172 4040 313
599 2040 3469 5890 2925 2167
600 5052 1305 5357 1140 234 2565
602 1087 1911 5052 623 5721 2528 5624
603 4932 5052 2714 3117
604 4124 1389
605 1462 3117 1398 43 5392 4827
606 3457 2504 2925 43 1775 4292
607 1515
608 4256 925 5900 1140 2022
609 925 2450 2908 3275 2022
610 1305 5900 1546 1555 2565 2270
611 5900 5331 2908 1305 1911 3275 1546 3117 2989 5624
612 2022 5392 1610
613 1911
614 3646 1424 1700
615 5392 1305 1911 194 4827
616 43
617 5721 342 1140 1546 1911 172 313 1305 423 726
618 2270 1911 3548 1957 3501 1305 2925 2021
619 2839 3123 2714 3117 1700 1462 1911
620 2022 2714
621 5392
622 43 2022 1140 3217 2040 871 936
623 3087
624 5392 2022
625 348 5619 2565 1504 5491 3646
627 2823 2925
628 3011 1159 4369
629 1163 1305 2331 3055 873 43 3065 5017 1201 1555 2989 1398
630 2925 5634
631 2989 1546 5331 1583 4040
632 1555 1610 2022 2714
633 5624 2714 2783 3275 1368
634 4292
635 5052 5721
636 5936 4310
637 1911 172 1546
638 3646 4292 1911 2925 2270
639 4577 3123 4310 1163 1462 3011 423
640 1124 1163 1421 4577 3123 1462 5170 4310
641 1700 1911 5486 3201 5392 1339 4310 19 1896 936 1265 5052 1202
642 4124 3755 172 3646 3275 1316 2022
643 1546 1911 172 1462 5482 2040 3117
644 2714 19 1462 3117
645 2091 1140 3065 1911 1087
646 3117 4827 5486 172 2649 3646 5392 2714 1911 1462
647 348 4040 3065 3123 3053 2175 236
648 313 2763 1398 3065 5052
649 5392 5900 1140
650 318 2022 2040
651 3283 4577 1546 2654 2270 748 3822 1159 194 1050
652 1911
655 5392 2714
656 4577 2022 43
657 2925 5936 2839 2908 1515 3590 4310 1775 2823
658 1140 1264
661 1305 2379 269 1201 826 4746 2858 1546 2270 1555 2801 1896 1202 1860 5491 1797 3201 2167 1700 318 2070 3457 1100 148 1087 5936 1353 3015 2503
662 3993 5491 3011 1305 3117 5900 5936 2839 1546 1462
663 2503 5240
664 4632 5634 172 5491 1305 2859 5482
665 3357 2331 342 313 1700 1911 3065
666 3646 3310 3693
667 3501 3646 348 2823 4292
668 5392 1911 2908 348
669 845 1305 873 2271 126 1896 1850 896 1242 1202 2801 826 1797 3141 1596 1700 3439 3457 1424 3201 3275 348 318 5411 2503 354
670 1610 4292
671 1610 2022
672 1716 3389 2819 1450
673 5392 2022 43
674 1700 2925 5996
675 3310 5634
676 5052 5482 5491 5619 3646 2840
677 5392 337 4827 5624
678 2022 4832 234 1700 2040 5392 3646 1265 5052 43
679 1163 5052 5331
680 3310 5052
681 3065 318 1700 1305
682 1586 925 1610 4292 2022 191
684 1833 3065 2091
685 1555 3065 5409 1957
686 2925 2823 5331 1201
687 1700 2823 5392 2450
688 2908 3646 1911 1424 4292
689 1450 43
690 2270 3646 2823 2877 5220 2925 1546 4577 3457 1462
691 3011
692 3646 1389 1555 2877 1424
693 318 1000 2989 1305 1911 3052 2565 1201 1700 5619 348 313
694 1087 1700 2908 5052 1911 1546
695 1389 5634 3646
696 172 5900
697 3330 3434 2503 1159 1462 5203 2819
698 1389 4783
699 2823 5392 1957
700 5409 3310 172
701 1911 3646 4292
702 1398 1305 172
703 1425 2040 348
704 1586 2649 5634 726 1911 1124 1700 410 481
706 1546 1700 1911 1716 726 1278
707 5839 3310
710 3011 1389
711 3646 4577 348 1700 1424
713 3646 1201 348 1700 3408
714 5900 1305 3439 313 1425 5482 5624 3052 5936 3646
715 1424 3646 5052 2452
716 194 2908 1398 2270 2565
717 2040 1140 168 640 3646 936 5936 5745 5392
718 1305 1201 3469 1087 3961 1412 1546 5624 3015
719 5052 313 873 3065 2763 5900 1650 43 278 1546 194 172
720 2714 4840 3646 43
721 5052
722 3011 5900 2908
723 726 5331 1555 3065 4821 313
724 2091 1305 5052 5392 1462
725 3011
726 1305 726 1140 5900 1450 925 313 2270 2908 2989
727 1259 168 2714
728 1546 4256 172 1732 4114 1911
729 1163 1716 1462 1546 2270 43 4577 2452 1555
730 5491 2022 2528 726 1911
731 2823 2925
732 486 3646 2654 2270 2823 4865 3310 2908 1462
733 3469 2270 2246 3015 1124 1462 1159 2823 2450 2654 3330 1398 4040 5220 43 410 5890 1546 4577 348
734 1504 1284 1368
735 3646 1424
736 2908 3501 1700
737 3646 5392 1462 236 43 5486 1389
738 2925 3117 3473 1398 1462 2823
739 5392
740 2022 43 172
741 640 4083 5085 168 4583 2022 936 43 2167 1140 826 3646 1911 2565 5936
742 1911
743 5486 1642 5482 3275 1700 2375 4832
744 4310 2925 1911 1515 5392
745 2925 2823 43 410
746 1646 2823 2503 1100 3646 5936 845 1515 1425 2925 2040
747 1424
748 126 5392 172 4256 168 1305 1218 4083 623 3117 4028
749 423
751 1700 4292 2528 101 3691
753 2839 1515 278 5456 2925 5634
754 1716 2908 43 5392 2022
755 1140 4827 5491 2040 1394 1305 5320 5900 1425 5456 348 4114
756 2783 3389 5052 1504 5534 1583
757 5890 5603
758 4821 172 43 194 5491 5890
759 3646 1218
760 4040 1896 4577 3457 2270 2040 2925 871 3501 1515 1957 43
762 2840 1462 1424
764 5392
765 1896 318 5491 3618 1389 1700 2565
766 1546 1163 331 1316 845 1583 623 2908
767 1201 3646 2714 5392
768 4932 2908
769 1163 1201 4003
770 318 3469 5357 2565 1546 1057 1389 3161 5052 3169 3831 2783
771 4865 1389 3548 3646 2167 1700
772 1732 3548
773 4814 318 1700
774 2925
775 5936 348 2565 2823 1087 1462
776 1747 5954 348 2925 3646
777 2167 1957 194 5890
778 3646
779 2528
780 43 342 2908 748
781 43
782 4832
783 5392 172 2925
786 4598 2823
787 1610 348 1515 4292
788 632 896 1646 1351 3749 1353 845 2270 2503 2859 1242 1462 1100 4577 2654 1425 4292 2848 2823 1159 4369
789 4275 5052 936
790 1316 2654 1450 1159 2175 4577 348 2503 4369 4598
791 2062
792 1368 1911 5721 5624 5491 1700
793 1942 1515 3123 2823 2908 2925
794 4310 2175 172 5491
795 1896 313 726 3961 1911 1596
796 2925 43 1163 481
797 1504 207 172 1140 486 1273 1305
798 3310 3161 342 5052 3548 1140 1259
799 5052 2452 1610 2040
800 5422 1716 4369 1957
801 354
802 1700 5392
803 1163 3469 2925 2105 1264
804 1515
805 2823 4865
806 1911
807 2503 4577 925 1279
808 2022 1462 3011 2823 4292
809 1424 838 1864
810 348 4124 2823
811 4292
812 1124 5095 3055 2823
813 1732
814 2925 2270 1120
815 2925 1201 1515 1911 2839
818 1700 2925
819 3283 410 1305 3015 1896 5491 1911
820 1596 1009
821 194
822 2925 5392
823 1140 318 2022 1797
824 5999
825 2528 410 2823 4577 2270 5555
826 2823 4292
827 2040 278 3123 5890
828 2270 1911 2925 1163 5422 2823 4310
829 5482 1305 3161 1583 2908 1057
831 1911 4256 1896 5619 3275 871 4948 632 5555 156 402 1546 666 2858 5456 548 269 1009 354 3055 3679 3516 3517 2175 3529 726 5220 5721 313 5996 3078 5385 1018 5098 3222 3961 5095 133
832 1911
833 5603 2908
834 172
835 1716 5456
836 348 130 2908 4577 2925 1201
837 1424 2858 2908 4308 4256 5098 4003 3646 3052 2452 666 194 4292 2503 1586 4303 1515
839 2989 1911 2565 348 5624 1650 1264
840 5392 1394 3646 342 172 19
841 1389 172
842 2649 1163 3469 4124 4040 640 1164
843 4475 354 2022 4832 348 410 3646 172
844 3065 1578 1462 1201
845 2270
846 4577
847 5486
848 3646 4256
849 1462 3123 2839
850 2528 4256 3646 2925
851 5052 1911
852 2925 1811
853 1515 4541 2528 2022 5745 4256 3330 4308 1159 101 3434 3156 1462 1339
855 1163
856 2503 172
857 194 3646
858 4040 3011 2925 354 5061
860 4275 3434 1462 3052 2503 1159 3330 2565 1279
861 3548 318 5619 5624 1057 5052 3469 1911 1700
862 1578 5936 3157 5248 4292 4577 2848 2654 1163 3055 1279 2823 5994 925
863 5052 1578 2175 5534
864 3693 2167 1389 3473 3646 1424 4865 1305
865 5248 794 1896 1911 1087 313 1546 3646
866 4292 1159 1450 4577 2654 2823 4310 925 3055 2925
867 1273 2543
868 1797 2452 3457 2113 936
869 1159
870 3330 4369 4577 1957 3691 2925
871 481 410 194 2714 2908 3646 2925 3156
872 5491 1159 2819 269 1050 2187 43 3157 348 1124 1009 1279 1421
873 1716 1957 1120 5331 2654 2908 2848 3055 1159
874 2925 3460
875 2823 3469 4369 726 1050
876 3330 1716 3055 348 1957 1159 2452 2654 4577 1009
877 1159 4369 4577 2654
878 3646 1911 5936 3501
879 1957 3646
880 4577 4369 2503 925
881 1159 2167 2925 1279 4310 925 5936 4369 4577
882 172 3501
883 1957 4040 2925
885 2839 3052 3078 632 3646 1226 1339 3469 1009 5491 1523 101 1424 3157 4308 172
886 2908 2925
887 3123 5996 5634 2565 2040 2925 1700 790
889 1159 2910 1120
890 2908 4292 2270
891 3749 1716 348 1141 4577 4369
892 2040 101 1163 3501 4275 2859 5170
894 1163 2908 2859 423 4577
895 3039 172 2839 3049 1850 2925 2194 3749 3217 2270 4832 3222 1700 1797 1305 5392
896 5890 2022 3691 410 2925 3473
897 3065 1124 3501 4541 1159
898 3469 4369 5491 348 1159
899 5203 318 5890
900 481 2270 3646 2167 2925
901 5996 4577 3052
902 5996 1700
903 342 4577 2925 3693 1515 348 4827 1779 4292
904 1700 4292 278
905 4832 1316 3123 3993 2022 1716 1864 2925 4515
906 4292 4124 1700
907 4292 2022
908 2246 3749 1957 1050 5996 1716
909 1305 1201 838
910 4577 3501 3123 4310
911 43 2925 342 3123 4832 3618
912 2877 1462
913 2858 1018 5890 1716
914 4292
915 1050 4577 3749
916 2270 1957 3501 3389 4577
917 5996 3123 348
918 1163
919 2654 4369 925 4577 1159
921 5996 1911 4577 2925
922 1009 2175 1120 2167 1201 1896
923 3548 925 4124 5900 1159 4369 2503
924 2925
925 2823 2967 1242 936 3501 1747 1797 1265 1389 845 2565 2925 1700 3646 896
926 5996 2925 410 1700 4577
927 4292 1159 342 925 2654
928 2654
929 925 5220 2270 1159 1462
930 2503 3389
931 4310 1159
932 4292 1462 4369 925 2654 1159
933 1546
934 1462 1394 5392
935 4040 3749 925 2908
936 1159 5745 348 1911 1279
937 2925 1546 2823 1957 1462
938 925 4292 1159
939 4369 1119 5331 2246 495 5537 2654 1305 1546 486 1159 3283
941 2246 2654 1159 2908 3055
942 1279 2654 4369
943 1159 2654 1018
944 1159 4598
945 1201 1700 4832 2989 2040 1642 1412 5996 2908
946 2908 5052
948 1305 1018
949 3434 3330 1009 1201 4369 4695 1462 1120 4541 2654 3517
950 1896 172 1087 1911 1700
951 1057
952 5203 4308 3087 2908 4040 5721
954 1398 1201 1450 5619
955 1942 172 331 1700
957 3693 1864 4310 5936 2908
958 313 5936 5094
960 1546 1273
961 5482 2908
964 873 5052 1546
966 4310 461
967 1716 1305 1911
968 5392 43 2840
970 1424 2925 1398
975 4256 2091 5619 4040
978 3409 2908 1700 5996
979 2167 5240
982 2022 5619 1515 5331 5996 3123 2839 2908
983 5456 2823
984 1351 936 1462 3065 4948 5999 2091
985 873 2331 3065
986 1700
987 1700
988 1462 3117 1716 2925
989 2908 1305
990 1305 1450 2503 3650 5890 1259
992 5996
993 133 1159 4308 3993 4040 4827 3389 3434 2908 2859 2840 1124
994 2649 1896 3457 1087 1305 826 2714 1351 2271 2069 1911 666 5052 3275 2823 1797 1546
995 2270
998 2091 1555 1264 2105 1201 5486
999 2528 423 608 4832 3117 1462 5310 3434 3123
1000 5392 3310 5052 3650
1001 3117 1305 5052
1003 5052 4827
1004 2908 5052
1005 826 2452 1957 5392 1450 5603
1006 2908
1007 5331 3646 1218 1462 1368
1008 1305 1546 5603 3650 2714
1009 1700 172 3123
1010 1305
1011 2022 3822 838 3830 5634 1242 331 348 3104 1201
1013 1201 1159 1339
1014 1642 5482 4827 5793 3078 1700 2022
1015 5052 5392
1016 3650 5411 4083 2194 5052 1339 4256 677
1017 3501
1018 1462 896 1273 871 3646 666 2271 3650 1860 1596 5392 1351 1797 1353 3222 1700 2967 1140
1019 1911 348
1020 354 5220 5392
1022 172 4256 4475 1911 2091 4114 1732
1023 3052 5890 1273 1700 4256 172 838
1024 5996 1700 1163
1026 5392 342 1450 3646
1027 5392 3650 2022
1028 3646
1029 1957
1030 2654 2925 1159
1031 1896
1032 1864
1033 2858 1700 1278 1716
1034 2022 1450 3011
1036 2839 2925 481 1462 4577
1038 1163 1389 3646 1700
1039 1202 1353 148 4083 4948 826 2271 2040 168 1642
1040 5721
1041 172 2022
1042 5491 3646 1504 1700
1044 4577 342
1045 2022 2925 4577 925 342
1046 5392 2022 1610 1124 4292
1047 4577 1610
1049 1389 1700 3052 318
1050 3473 3646 936 4275 1424
1051 2022 4310 3646 1424
1052 2022
1053 1201 3693 1398
1054 4292 3123
1055 481 3310
1057 1462
1058 1462 1398 1087
1059 1140 5996 1911 1957 4577 3065 1700 2925
1060 1911 2809 1140 1864
1061 1305 1896 845 1412 3275 172 1911 1583 3055 1140 2175 4577 5603
1062 5061 2091
1063 481
1064 1896 1389 936 3052 1100 2271 751 3460 1273 5491 318 1700 1797 871 1087 1353
1065 1700
1066 1265 2040 3201 2967 1700 2528 1141 43 5392
1067 3646
1068 4256 172
1069 4256 1389 4114
1070 5491 1368 1700 1124 1087 3275 5624 172 3501
1071 4256 4114 1911 2714 4475
1072 5624 1911 278 3646
1073 5624 278 3646
1075 5721 5392 3693 4292 1368 278 2925 5936
1076 354 2022 5392
1078 3646 4040
1080 2908
1081 1425 3646 2040 1100
1082 3646 1100 3310
1084 4040 3065 348 4577 3310 3646
1086 3646 4932 2528
1087 2925
1088 2839 278 3501 1911 2925
1089 2528 2908
1091 5392 4310 1586 2908
1092 1911 3501 5555 1201 1305 623 2175 845 5721 4040 1398
1093 2022 4083
1094 790 3646
1095 3693 5392 5486
1096 5996 1911 1087 1700 2040 410 4040
1097 2925
1098 318 1273 1896 1700 43 172 2040 4832 4040
1099 5603 1716 1163
1101 2022 1398 3646 1911 5936 1462 172
1102 4577
1104 1265 1264
1105 2224 5634 3529 4932 4840 5203 1140 2040 838 5095 266 194 5085 354 3052 3361 2925 4577 3072 5072 1654 527 592 2859
1106 3460 2908 278 1087 3275 2565 5996 1368
1107 2839 2270
1109 2989 1700 5085 1911 172 266 1896 313 5392 4292
1111 2040 1353 5491 4577 1259 2967 4275 1987 1389 1850 1797 4948 1896 148 2271
1112 5392 5870
1113 4475 1911 2714 348 4256 1201
1114 5619 4310
1115 4832 1546 3389 5392 3052 172 873 3055 2714
1116 2908 1087 2503
1118 2925 481 4577 2040 3501 5936 5619
1119 1911
1120 1398 1504
1124 4577
1125 2091 1394
1126 2528 2908
1127 4275
1128 4003 1911 1716 5392 4577
1130 1119 5052
1131 2714 2989 3299 1911 1942 5392
1133 2450 3646 5392
1134 2925
1135 1159 3161 2654 3460 1911 2823 2503
1137 3646 1316
1138 2908 5392 1732
1140 4292 3501 3548 1050 348
1141 1957 1586
1142 1911 5634 3039 5721
1143 172 2908 5385
1145 4577 2925 3693 1124 3646 348
1146 1424
1148 1957
1149 2452 1259 1201 2040 3501 1747 2714 5491
1150 3330 5603 5456 342 2452 1159 2859 2908 2270 1141 3646 4040 2858 925 2021 2925
1151 5052 2908
1152 348 1141
1154 4114 4256 1911 1732 348 172
1156 1957 1911 5392
1157 1578 1305 4622 2823 4541 1251 4369 5491 3330 4292 3389 1159 2654 2840 1462 1087 1050
1158 1140 2270 1546 3299 1201 3439 2331 1305 3993 3376 5900 873 126 4003 4292
1160 194
1161 2040
1162 4541 194 1159 2925
1163 5094 2759 410 1911 2167 19 2908
1164 3052 19 2022
1165 1515 2859 4292
1166 3469 1305 4827 172 2040 2167 43 1164 1264 1896 3161
1168 3330 3501 4310 1716 1911
1171 608
1172 1727 4577 43
1173 3065 3646
1174 3501 2925
1176 3646 3473 5954 5619
1177 2167 2823 5619 2925
1179 1957
1180 4292 1515 1911
1181 2270 2925
1182 1018 2908 481 1716
1183 1424
1184 1201 1462 3123 4040
1185 1732 1942 3646 1389 3011
1186 2270
1187 2908 3389 4577 1009
1189 5392 2528
1190 1201 3117 3123
1191 4040
1192 4577 5999
1194 3123 1050 1546 4577 2908 1273 5094 1462 2823 2270 5936
1195 1140 313 4832 2331 5392 1305 3275 3961
1196 2925 3646 5839
1197 2908
1198 3646 1911 3117 5634
1200 1716 1305 348 1911 2040 5721 1201 1700 3156 2925
1201 4577
1202 2452 3065 348 2270 1911 1450 3123
1204 2908 3501 1911 1450
1205 1018
1206 3161
1208 3310 3501
1209 2840 3693 2839 1586 4040
1210 5392 2565 1942 726
1211 3646 1942 1911 1424
1212 101
1213 5634 4124 4577 3693 2823
1214 4310
1217 748 1586 1957
1218 1424 1911 5634
1219 1050
1220 1398 4310 3650 3646 4821 5486
1221 2823 1716
1222 3646
1223 2908 5392
1224 2452 1911
1226 2823 2925 481 5936
1227 194
1228 1650 318 1353 1305 5624 666 1797 1242 5721 3457 172 1414
1229 1389 3161 748 4310
1230 342 1424
1231 5936 4832 5052 1555 3389
1232 1864 5999 2270 3501 1515 1140
1234 1273 5491 313
1235 726 2175
1236 2167 726 1140 3011
1237 1642 3961 1412 2270 3141 1087 3065
1239 1546 5624 1911
1240 3548 3065 5900 1546 1942 3961 3275 1642 2331
1241 3161 1398 4832 1305 3117 5482
1242 2503 5392 1394 1462
1243 5051 1911 1201 3501
1244 3529 2908 1578 3501 925 5996 5085 4541
1245 2908
1247 1504 5240
1248 1716 1462 4040 1911 1368
1249 5395
1250 1462
1252 2925 5936 2859
1253 2270 4292 342 1305 1163 313 3961 3275 3501 1398 5392 5936 873
1254 3283 2062 133 2823 150 2017 1163 101 348 4541
1256 1163 1911 5996 2270 342 481 1120 2925 1700 1462
1258 1864 2908 2859 1163 410
1259 2823 1050 1201 1398
1260 1546
1261 1398 5392
1262 1797 5327 5491 1860 2783 126 2554
1263 1353 1226 1424 4577 4275 5996 1163 2167 592
1264 1700 1504 3310 2908 726 1389
1265 1716 5624 3646
1266 1018 2452
1268 1546 2989
1269 342 1957
1270 2840 2167 1504
1272 5392 5491 2452 5052 348 1896 5999
1273 1911 4446
1275 3548
1276 3646 2908 1716 5996 1700 4865
1278 313 2908
1280 2503 1911 3646 3469 5634
1281 2175 3408 318 3015
1283 2331 873 2503 1450 2908 5900
1284 1273
1285 1201
1287 726 1716
1288 3222
1289 2361
1290 3618 1462
1291 1732
1292 2167 4800 2908 1896
1296 5392
1297 3052 1700
1298 1119 3473 1546 1896 3646
1299 1273 172 2331 318
1300 2908 5936 3548 4577 2839
1301 5890 1389 3646
1302 4310 1700
1303 2503 5392 821
1304 1700
1306 3460 4310 1124
1307 5996 1700 3123
1308 3646 2565 348 172 1911
1309 1716 1425 4310 1911 2167
1310 1700 4832 1911 1546
1311 1732 1163 4577 1700
1312 1700 3087 2925 2270
1313 2040 1389 1424 1259 3646
1314 1159 3157
1315 1515
1316 4310 342 1610 3501
1317 2908 5624
1318 2175 5052
1322 3123
1323 5302
1324 4577 2823 2908 481
1326 2908 3117 1368
1327 4577 1700 5061 194
1328 4040 1124
1331 1896 1273 3961 318
1332 3310 5392
1333 2925 4310 5392
1334 342 2925
1335 1163
1336 5624 1389 1650 278 2022
1337 1957 481 5619
1338 1201 1163 1424 2925 5395 4577
1339 2925 3123 1163 481
1340 1202 1264 1389 4310 5052 3222 2040 1201 2049 1353 4308 1596 3201 1700
1341 5619 4292 2022 3650
1342 3646 481
1343 1462
1344 5745 726 1389 5721 1700 896 1896 1987 1273 666 1264 2021 1353 936 1305 1850 172 4124 2271 5486 1202 5052 3201 1424 1797 3065
1345 5392 4577 4310 3087 2925
1347 1368
1348 1259 172 2908 1896
1349 5999
1351 3646 4310 3473
1352 172 1911 5491 4948 1896 318 2967 1140
1353 4292
1354 1163
1355 3646 2908 5491 5052 2361 1259
1357 527 3646 234 1700 1265 2967 1646 936 1850 1264 3065
1358 481
1359 2925 1462
1360 3123 2908 3049 4310 481
1362 5392 2908
1363 2823 1124 4577
1364 5392 2925 1462 2331 2270 348
1365 2452 4577
1366 4292 2528
1367 3123 5996 4577 2925
1368 2925
1369 1018 1353
1370 3646
1371 1389 2908 1163 1450
1372 1957
1373 5392
1374 1957
1375 1009 1450
1377 2925 4577
1378 342
1379 2925 4310 1018
1380 1462 5392 481 2925 1163
1381 5392 5634
1382 1546 1911 5052 1259
1383 4577 1163 2925
1384 1911 1424
1385 4577 3123 1515
1386 1009 3749 1201 2859
1387 2859
1388 2452
1389 5392
1392 1424 2040 5839 1259 1700 3408
1393 318 2783 5052 2040
1395 3123 1462
1396 2908
1398 5392
1399 2040 3039 2877 410 1911 5996 2925
1400 3065 5392
1401 410
1402 1700
1404 5491 4783 2565
1405 5220 1389
1406 5999 3501 3011 2452 43 3087 2925
1407 4577 1163
1408 4577
1410 2925
1413 1163 726
1414 2823
1415 348 3460 1394 2022 3691 2823
1416 2908 4310 2452 1389
1417 5052 1700 1273
1418 5999 3501 1450 1957
1419 2925
1420 2908
1421 1911
1422 3283 5936 2452 2270 2925
1423 5890
1424 1911
1425 2925 790
1430 2925 1911 2270
1431 2908
1432 5170 5619 1259
1433 5392 1087 1700
1434 2925
1437 2925 5603
1438 481
1439 3548
1441 5954 2908 2925
1442 1811
1444 4577 2908 3501 3409
1445 1747
1446 3501
1448 1642 2331 3065
1449 5936 3052 2908 1642
1450 3065 2270 5793 4541 871 1163 2877 2049 1273 1202
1451 1911 2908
1452 873 1911 4832 318
1453 1911 1583 342
1454 3457 1264 1850 5745 1305 3646 1018
1455 1100 172 318 2801 622 5936 1797 1273 2167 845 5619 1164 1642
1456 5052 3961
1457 1201 43 1979 5603
1458 2069
1459 3011
1460 3065 1586 1911
1461 3980 2859
1462 1716 2759 5094
1464 5017 3065 1273 4948 1087 1398 5900 1911 1896 1202 1140
1465 5052 2565 318 3548 1368 2783 2984 348 5491 5357 3650
1466 4040 172 1700 2989 3161
1467 172 5624 1911
1469 1911 1732
1471 318 4827 5624 278
1472 2503
1474 4114 278 1546 348 5624 4827 172
1475 1259 4827
1476 5634
1477 1700 172
1478 5052
1479 2908 5052 1265
1481 4040 43
1482 873 1716
1483 4541 1646 1896 1578 1700 1264 2897 5537 2105
1484 1398 1424 3439 5603 2452 4083 592 2105 318 3650 2819 3517 1264 3545 3078 5491 3689 3618 238 5996 3222
1485 1732 4769
1486 2062 726 2908 101 1251 1450
1487 5996 5491 1700
1488 1896
1489 1864
1490 1911 873 748
1491 5095 1163 1504
1493 1112
1494 3646 910 4932
1495 1087 1911
1496 623 1911
1498 3646 1259 1504
1499 43
1500 5052 1896 1504
1501 1911 2908
1502 313 5052 1747
1504 2908 1957
1505 821 2840 278
1506 2270
1507 172 748 4840
1508 1546 2714 2270 1987
1511 2763 2167 826
1514 3361 4783
1515 1546 1163 1087
1516 1546 1389 3501 1305
1517 3169 4932
1518 3011
1519 3161
1521 1896 1864 410 1264 2925 2105
1522 1911 2503 313 2450 2801 2910 2528
1523 348 1957 1578 2040
1524 4800
1525 5996 5603 1716 5095 3011 5954 3275 1700
1526 5052
1527 278 1087 5721 1546 5624 1864 5996 1462
1528 1201 2167 1700 1578 1264 2908 1305 2989 2105 1911 1057
1530 3161 342 1546 925 5052 5486 1911
1531 172 4003 1716
1532 2984 1050
1533 3052 2908
1534 1555 2175 873 4292 1201 3501 172
1535 1273 873 1316
1536 1911 4832 3052 5240 318 1896 5456
1537 5996 1700 726
1538 1305 1700 5491 4948 318 172 2121 1353 1057 1202 5624
1539 2528 873
1541 1087 318 5052 2783 2989 1057
1542 5392 623
1543 5900 1911
1544 2331 1911 5624 845 1368 1896
1545 3548 3065
1546 5624
1547 3501
1548 5052
1549 1747
1550 172 423 1896 1273 1747 1700 936 318 4832
1551 2908
1552 4256 5392
1553 313
1554 1555 5052
1555 5052
1556 318 2091 5392 1087 623 1057 3469 4598 1911 3501
1557 1201 5052 2654 2859
1558 1057 4541 2859
1559 1716 3501
1560 2175 3819 5357 1911
1562 2565 2270
1567 2091 5491 2783 318
1568 3469 2783
1570 1911 1555 2908
1571 2091 1555
1572 5052
1573 1389
1574 5624 5052 5900
1575 4310
1576 2925 5996 1911 1700 410 1864 3473
1577 2270 172
1578 3501 2167 3548 1583
1579 1424
1581 1087 1942 1546 751 313 5052 3473 5900 1163 1398
1582 1911 5052 5619
1583 1201 1896 313
1584 5052 4310 5954 3053 1700
1585 318 1087 1546 1700 1305 5491 1389 4832 3693 1896
1587 342 2859 318 5052
1588 1716
1589 3156 2167 1700 2908
1590 2091
1591 1163 5890 481 1462 2925 4577
1592 5095 2908 2528 5392
1593 4292 2167 2908 1957
1594 3310 5996 3123 3053
1595 234 1290 2528 790 1116 1700 1264 2967 2925
1597 1424 4167
1598 2925 5996 1700 4310
1599 5392 1424
1600 5392
1601 5392 1957
1602 5392 1957
1603 2040 3646 1578 2379 1202 2967 1100 1850 1265
1604 1911 936 1265 1242
1605 1896 1163
1606 4577 4292
1607 845 313 871 4948 1732 318 3231 2270
1608 278 1716
1609 5603 1087
1610 4275 1163
1611 172 838
1612 101 4577 1650 3938 461
1614 2714
1616 1424 5392 1700
1617 172
1618 2331 2091 2270
1619 1273
1622 2040 1163 2331
1623 2859 1700 318 172
1624 1201
1625 1700
1627 318
1628 2819 1732 3469 2654
1629 1124 1353
1630 5331
1632 5491 1163 172
1633 5619 2714 2989
1634 5052 1911 3161 5900 2908
1636 5052 1018 3501
1638 5999 5052 1368 2859 2270 5900
1640 1583 3548 1546 1368
1641 3123
1642 5085 5385 3027 592 1106 3501
1643 1700 1389 5052 3646
1644 2331 2091
1645 1124 1018 3693
1646 3011
1647 1140 726 410
1648 1700 2859 1389 1259
1649 3310 3473 4541 1050 3691 5327 2167 726 348 452
1650 1911 2528 1305 172 1896 3052
1651 1716
1652 1911 5721 4275
1653 1018 194
1654 3501 1201 1264 3065 2967 4040 2908 527
1656 1242 5954 1716 1050
1657 3646 5624
1658 1583 1586
1659 1911 2017 726 1259
1660 5996
1661 2908 172 1163 1700 5793 2452 1642
1662 1583 1546 172
1663 1398
1664 1957 1515 3646
1665 2528 5052 1394 1504
1667 1911 481 1957
1668 2908 1389
1669 3053 4577 2925
1670 5634 1709 2925
1671 1700 1305 1911
1672 1747 4632
1673 1462 2528
1674 1578 5624 1650
1677 5491 3161 3434 5745
1679 1163
1680 2925 342
1681 2167
1684 4577 2823 1124 1163 5890 1201
1685 1163 2925
1686 1462 423
1687 5456
1688 3693 2908 1957
1690 4369 2925 5220 2908 925 1450 1124 1159 1546
1691 2823 481
1692 3501
1695 5624 2528 5392
1696 5392
1699 1700
1700 1911 5624 2908
1701 5624
1702 5052 1087
1703 1546 5624
1704 5052
1705 43 726
1706 5999
1707 1159 4577 1264
1709 2175
1710 194 348
1711 5947 4308 2528 348 3361 5634 4541 4292 3123 101 3039 2925 2565 4832
1713 5392 1462 3473 2528
1714 2091 2859 1911
1715 1201 4040
1716 5385
1720 2091 1087 5052
1721 342
1722 3501 1398
1723 5392 3011 3755 4310 1201
1724 5392
1725 1201 2528 1911 1462 3646
1726 313 318
1727 43
1728 43
1729 1087 2091 2649 1942 3015 3275 1546 3469 5456 194 3065 318 2331
1730 5392
1731 4275 2062 1265 845 2040 936
1733 748 1586 2908
1735 2908
1736 5890 342
1737 43 1424
1739 481 2908
1741 43
1743 43 2167 2859
1744 4577 5392 2925
1746 1586 2908
1747 2925 1316
1748 2452
1749 1159
1750 4865 726 2848 2654 2503 1159
1752 2270 3501
1753 4769
1754 1700 5095
1755 1716
1756 1583
1759 2040 3501 5052 2091 5900 1450
1761 1163
1762 1555 1911 4577 1546 5052 1087 3961 1700 5320 1578
1763 4310
1764 1700 2270 5996
1766 4577 2908 5095
1768 1716 2908 3123
1770 4124 2967
1771 1163 1700 172 1018 5052
1773 1163 2925 4577
1774 1700
1775 1087
1776 3011
1780 1896 1273 1201
1781 3123 1700 2908
1783 1163
1784 5392
1787 3011 4827
1788 5534 4369
1789 1163
1790 1716
1791 1586
1792 2452 2270
1793 3011 172
1795 3646 5634 5392
1799 5890 1163 3473 410
1804 2908
1805 1389 2908 1957
1806 748 1389 1957
1807 4310 748
1808 4310 1050 2450
1809 2908 4310 1957
1810 845 936 1700 2379 3646 2040 3201 1957 1265 1389
1811 1700 936 1957 3646 1265 2040 1911 2379
1814 1957 5392
1815 5721 3222
1817 4292
1819 845 1797 826 2270 3469 1650 1747 871 1425 172
1821 4932 4292 1087
1822 4292
1823 1124 3065
1824 1957 3469
1826 2565 1911 2908
1829 4292
1830 2022 3646 1201
1831 3646 1218 1598 1368
1832 2503 1218 3646
1833 1911 1700
1835 3123
1836 1305
1837 2022 354
1838 5999 3691 3501 4577 3389 1515
1839 1911 410
1840 3469 2167 64 3961 845 4476 1305 3310 5989
1841 1159
1842 3501 1265 1202 1896 1273 318 1353 4827 5624 1546
1843 2809 1700 2925
1846 2839 1018 1201
1849 2528 4369 1159 4083
1850 3283 318 5890 3330 2654
1851 2839 1716
1853 2908 1586 342
1854 3646 5534
1855 3123 2040 1700 5491
1856 3646
1857 4577 172 3065
1859 3646 2925 2270
1860 2528
1862 4292
1866 1140 5996 1163 1700
1867 2528
1868 2908
1869 726 1586
1870 2714
1873 2528 1700
1874 3123 3065 2925 1389 3039 3646 1515 133 2908 4541 348
1875 4541 1424
1876 4310
1877 2925 3330
1878 3693
1879 4167
1880 2908
1881 4865
1882 1328 1979 3548 348 3790 2167 452 1159 4541 4083 2823 5619 3646 3455 3473 1279 4292
1883 5331 1014 1264
1884 3646 3389
1886 2925 5996
1887 1864
1888 5890
1889 2452
1890 726 278
1891 342 4932 839
1892 1700
1894 1515
1895 4577
1896 3469 1716 5392 1009
1897 1864 3141
1898 5890 342 1264
1899 3065 1140 2908 2062
1900 5996
1903 1716
1904 342 873 5721 2113
1906 4310
1907 4832 1700 5954 1316 5448
1908 4310
1909 1259 3156
1910 1896
1911 1504 1273
1912 1159 3691
1913 3501 1716
1914 2840 1716 3693
1915 2908 873 2270 748 3169 1911 3961
1916 1911
1919 1911
1920 2908
1921 410 4821 3157
1922 2925 838 3065
1923 1014 481 3501 101 3027
1924 4310
1925 481 1159 348 1018
1926 2062
1927 4832 1700 5491 1896 1368
1929 2654 1279 4308 3501 1159 632 2840 2167 5203 3330
1930 2925
1932 2022
1934 5052 1140
1936 1864 1716 410 1896 4769 1700 3052
1938 1716
1939 1124
1943 3065 1700
1944 4769
1945 1732
1947 1050
1948 1700 1610
1949 1604 1351 5327
1950 1018 4124 5954 3389 481 4310
1951 3693
1954 1732 1389
1955 1504 5052 1546
1956 318 2989 1087
1957 2925 1120
1958 410
1960 3123 5619
1961 1911 5392
1962 410 5052 1700
1964 2167 1018 1284 1163 3052
1966 1896 1700
1967 1716
1968 5052
1970 2452 1911
1971 1462 2908
1972 3123 1201 5996 481 5052
1973 481 5996
1975 2908 1050
1976 3501
1977 1018 1957
1978 1896
1979 622 5491 318
1980 1412 1018 1273 1424 2840 3469
1982 3646
1984 2528
1985 5936
1986 845 748 4275 4310
1987 4310
1988 172 5890 3469
1991 1700
1992 5603 1259 1700 4310
1993 1273
1996 1583 4541
1997 2908 2022 4310
1999 5385 3157
2001 925
2002 1450
2004 1896 1412 172 318 1700 3961 1305 1555 5619 1259 5491 194
2005 5392
2006 2113
2007 4832 1009
2008 1911 5052 3819
2009 3011
2010 1716
2011 2984 2840 3469 5456 1018 4308 5745 952 1014
2012 1911 5392
2013 5385 5890 1339
2014 1273
2018 1911 3501
2020 1201 2989 1911 3052 318 2783
2021 3052 5052 1911
2022 3357
2024 342 4800 2331
2026 2989 1546 5052 172 1911 1896
2027 278
2030 2823 3501 5996 1586 3455 2877 1700 1578 5486
2033 2819 3169
2034 2858 2167 1050 5890 4541 3078
2035 1159 2925 1014 2654 3093 1353
2036 4308 896 1009 2840
2037 3434 2859
2039 2503
2040 2925 4083
2041 748 4369 2908
2042 3330 3039 5989
2043 1546 2989 318
2044 1389 5491 1896
2045 2450 1700
2046 1018 1732
2050 2654 2503
2055 1159
2057 1911
2058 1700 481
2061 1911 2908 2917
2062 1700
2064 1163
2066 2908 5052
2067 238 481 1864
2068 2167 1732 1504
2070 4577 3618 2167 640 5936 3473 3749 1700 5395 4827 5486 3517 5456 1896 4769 4541 4678 3015 3408 1251 3027 3330 632 3691 2908 1009 3157 622 5095 5996
2072 4783 410 4577
2073 1747 1265 5745 172
2075 1087 2452
2076 2908
2077 5999
2078 5052 2375 5482
2079 2565 2925 5634 726 3283
2080 1716
2081 5491
2082 1398 172 1018
2085 1911 313 1087
2086 1716
2087 4577
2088 1259
2089 318 1546 2989 5486 5900 1353
2090 3161 5052
2092 3408
2094 1700 3161
2096 5052 1087 1911
2097 4040
2098 1700
2099 5052 5793
2100 2908
2101 1163
2103 1911 172
2106 3517 1716
2107 318 1259 1911 1201
2108 2908
2109 1368 2091
2110 1555 5619
2111 2908
2113 4541 3078 2167 1596 1515
2114 2908 1424
2115 1716 3548 1957 2908 1120
2116 2908
2119 1159 1546 4800 5999 1398
2121 5900 4577 2908 2925 1163
2122 1424 5392
2124 1957 3123 4577 2565
2127 3065
2128 1732 1700
2129 1087 1911 5491
2130 1018
2131 318
2132 4577 1087
2133 5537 2246 4369 4040 3749
2134 1159
2135 5996 838 318 1716 1700 1957
2136 5936 2270
2137 4577 2925
2138 2654 2503 1159
2139 3389 1716 4369
2140 1911
2141 1716
2142 5491 1586
2143 1087 4832
2145 2017 2908
2147 1911 2565
2149 5634
2150 3646 3389
2152 2270 2925 3548
2154 172 2823
2155 4040
2156 5624 1911
2157 3646 5624
2160 1700 4769 3516 3052 1864 3517
2161 1087
2163 4292 2167
2164 1586 1555 4577 1610
2168 4292
2170 4310
2172 2925
2174 4292
2176 925
2177 1087
2179 4292 2528
2180 3548 3646
2181 2908
2182 4292
2183 4577
2184 2022
2185 1515 410
2186 4292
2187 1700
2188 2022 194
2190 133 3310 2503
2191 3434 2908
2192 3646 3469
2193 1018 2925
2194 3310 632 1226 411 2245 3078 4541 3529 1273 1864 4800 3156 5687 5392
2195 2925 1424 2654 1159
2196 1896 4832 172
2197 1896
2200 1140
2201 3065 2565
2202 5936
2203 1700 1555
2204 1700
2205 3065
2207 5900 1716 1911 2091
2210 1716 1911
2211 1911 2908 5395
2212 2908 4865 4577 2175 1911
2213 2270 1546 2908
2214 2528
2216 1462 5634 2503 5456 2167
2217 2908
2218 1279 2908 4369 313
2219 2908
2220 348
2221 2925 1700 1957
2222 1141 5996 269
2223 1896 5052 1979 5996
2224 2840 3078 5936
2226 1700 1911 5996
2228 2452
2229 5491
2231 3646
2232 1732
2234 4577 1273
2235 3548 168 481 1264 5936
2237 3065
2238 1018
2241 2908
2243 3501 1120 5936
2245 2823 172
2246 5996 3310 1700
2248 1546 1896 1273
2249 4292
2250 2908 3039
2252 4292
2253 4577
2254 4541 2925 726 4577
2256 1462
2257 4292
2258 5051 2984 1896 1163 1864
2259 2908 1159
2260 2910 2654
2262 1700 2908
2264 2910 2925
2268 2022
2271 278 3646 5624
2272 4124 3646
2273 3646
2274 5624 2908
2275 5392
2277 172 748
2278 1163 2925 2270
2279 2908 1273 3169
2280 1911 3065 1087
2281 2908
2282 2908
2284 1911 1087
2285 1273 2091
2286 5890
2287 1700 1087
2288 1087 1700
2289 1700 5624
2290 1700 1911 726
2293 1412
2296 1578 2858 3790 411 1700 632
2297 5052
2298 5603
2299 3646 481
2300 5052
2301 5203 101 2925 5634
2302 101 1226
2303 101 1163
2304 101 1353 318 5491 1305 4083 1896 4577 172
2305 2091 5890
2306 3646
2309 207
2311 1368
2312 1700 5052
2313 2925 1586
2314 4310
2316 172
2318 331 2503 2925
2319 3065 5240
2322 313 2908 5052 1911 1642
2324 5936
2325 1610 2022
2327 1957
2328 2908 1911 5392
2330 2908
2331 2908
2336 751 936 1957 2062
2337 4541 726
2340 1957
2341 1911 5095
2342 2908
2343 2908
2344 4167
2346 1911
2352 2908
2353 2503 1159
2354 5385
2356 2908 838
2357 1050 4310 2908 1957
2358 4310
2361 2908 1911
2363 1284 2908
2364 2908
2365 5052
2368 342 2925 4292 1420
2370 2908 1911
2372 172
2375 4310
2376 1050
2379 2908
2380 1389 1087 3548
2381 3065 5052
2383 4832 2908
2384 748
2388 5491 1957
2389 1394
2390 726 1389 4124
2391 1911 1709 1265 1284 1716 2022 130
2392 5392
2393 481
2399 3961 1700 1259
2401 3646 3310
2403 1284
2404 318 1259
2405 2925 2908
2406 3646
2407 3457
2409 1911
2411 5996 191 1700 2877
2412 1163
2413 2859 3310
2416 1896
2418 1604 5491
2420 4645
2421 1957
2422 1009
2423 3749 2840
2424 2925 4275 592 1700
2425 5331 194 623 5392 1412 1163
2426 1251 4003 1100 1202 1353 1346 126 1896
2427 2654 1424
2430 2908
2432 4310
2437 2908
2438 5392
2439 1273 5385
2440 342 4577
2441 1265 1273 1896
2446 1896 5996 3460 1864 1700
2447 1018
2448 1732 3161
2451 1896
2452 1087 481
2454 5456 1911 1700 410
2456 1490 148
2459 2989 3275 3015 1896 130
2460 4800 1273
2461 2859 5491 5996 5392
2462 5996 4541
2464 1850 4446 845
2465 3469
2466 1163
2467 3501
2468 1738
2469 4840 133
2470 133 4577 2925 5385
2471 1014
2472 1911 1050 936
2473 278 1201
2476 5890
2477 4310
2478 1911
2479 2040 3646 234 1700 1797 3065 1265 1264 1850
2481 1716
2482 318
2485 3052 2984
2486 1864 1896 1716
2487 1716
2488 1305
2489 1732
2490 3299 838
2491 4310
2492 4577 1700 5409
2493 1911
2494 5052 318
2496 3560 1163 410
2497 1163 1604
2498 4310
2500 5331 2840 4275
2501 3646 4310
2502 2503 5624
2504 4577
2506 1700 1259
2507 5624
2510 2452 5052
2512 3646
2515 5936
2518 1957
2519 2908
2520 2270 2908
2521 481
2522 1398 2908
2526 1450
2529 2859 3516 148 5220 1896 1273 2819 5052 5537
2530 4275
2531 318
2533 1163
2534 1201
2535 1700 1896 1864 1716
2536 1911 1087
2537 4821
2538 4814 4821 1412 3691
2539 4167 2839
2540 3275 5936
2541 5936 2167
2543 1896 2175 4832
2544 410 1596
2546 1273 234
2549 2840
2550 3501 2062 3157 234 5823
2551 4769
2552 1140 423 1700 4622
2554 318 2840
2558 1700 5491
2560 1278 1412
2564 1120
2566 3469 2908
2568 234
2570 5331
2572 234
2573 3501
2574 1957
2575 1957
2578 1911
2581 5052
2586 4310
2588 5456
2591 5052
2592 2840 1273 5052 5537
2594 5491 1424 2062 1864 1596
2595 623
2596 3039
2597 1586 1864
2598 3275
2599 1700
2600 1700 1389 2175
2601 3646
2604 313 1700
2605 4310
2606 1716 5392
2608 1265 2908 2062
2612 4083
2613 2859
2614 2908
2616 481
2617 2908
2619 3310
2621 5634 2839
2625 1050 3469
2634 1911
2635 1499 1716 5954 2925
2636 1124 1957
2637 4577
2638 1957 1911
2639 5052
2645 726
2646 1896
2647 4932
2649 4598
2652 5052 1911
2654 1578 1747
2657 5456
2658 5331 592
2659 2040 1864
2661 4827 1412 172
2662 2091 1911
2663 172
2668 172
2669 2908 5634
2670 5456 5634 172 3161 1896
2671 2823 1896 172
2673 5072
2674 1018 172
2676 1504 726 1009 871 3938 1598
2677 3299 3819
2679 5052 1546 2908 318
2680 172 1700
2681 1911
2684 5052
2687 2543 1896
2689 172 4275 623 3560
2690 318
2691 172
2692 5392
2693 4832 1896 172 1700 1546
2694 1911
2696 1716
2697 172
2700 838
2701 1911 2271 3548
2707 2908 1957
2708 2091
2709 5634 3646
2710 1124
2717 1009
2718 5996
2720 5996
2721 1700 2925 5996 4577
2722 5491
2724 1305
2727 1864
2730 1546
2733 1700
2734 1018 3517
2735 871 331
2736 3065
2737 1163 3065
2738 1050
2740 1911 2925 1896 1201
2743 4541 191 3501 1305 4275 1578
2744 495
2745 3646
2748 1120
2749 3123
2750 4577 191
2754 194
2755 4275 2925
2759 1515
2760 1700 5491 1896
2761 845
2762 194
2763 1700 5052 1284
2764 1896 3961
2765 194
2768 4769
2771 2270
2772 194
2776 1896
2777 1226 1414
2780 194
2782 5392
2784 1124
2787 3283
2792 4292 2925 1124
2794 1957
2796 5392 2819
2797 2167
2801 3822 2091 5603 2925
2804 1732 5491 1018 2452
2807 2908
2810 5999 1353
2812 748
2814 3310
2815 2908 5491
2818 2503
2822 4310 3389
2823 3389
2825 1273
2827 3560 4167
2828 2270 2908
2833 3473
2837 1273
2839 4310
2841 2925 1716 5936
2845 4310
2846 3275 5331 1163
2849 1957 2908
2854 2908
2856 2528 1009 1957
2857 1732
2858 1896
2860 2908
2867 4003
2869 1578
2870 4541 234
2871 1273 234
2872 1346 1896 1987 1018 5486 3481
2873 3052 5392 1226 2105 1264
2877 1896
2878 1911
2882 1163 1412
2883 4256
2886 5624
2887 1911
2889 1339
2890 4275 5829
2895 3222
2896 4541
2900 1018
2901 1050
2902 5392
2904 1911 2908
2906 1273
2913 2908 748
2918 1911
2922 3161 2859
2923 1716
2927 5603
2931 4446 2167 2840
2943 5052
2944 2091
2951 1018
2952 2528
2953 5052
2954 4541
2955 2091
2958 2908
2959 3646
2961 2908
2962 1957
2970 3501
2971 1896 318
2973 1018
2980 4292
2982 1226
2986 1018 4310
2987 3072
2994 1201 2452
2998 1120 1450 1050
3000 1911 4167
3001 1264
3004 2908
3006 4577
3008 342
3009 342
3012 2840
3017 4292
3018 1424
3021 2091 2908
3022 1163
3024 2840
3030 748
3031 2908
3032 3161 1911 1201
3036 3015
3038 4275
3042 2017 2167
3044 2908 5052 3501
3045 3065 1163
3046 1732
3048 1140
3051 1389
3058 2908 4577
3061 929 1864
3062 3072 1251
3063 4310 3389 5634
3067 2908
3068 2908 5624
3069 2270 2908
3070 794
3073 1163
3074 4003
3079 1896
3083 5890
3084 1732
3087 3650
3089 1159
3090 2528
3092 2908
3093 2908
3094 1896
3095 1050 3065
3096 5331
3101 2908 5624
3103 5491
3113 2908
3114 3389
3116 1911
3120 1610
3125 5624
3127 2908
3129 1163
3132 5946 1264 2105 623
3134 2270
3137 3646
3140 1159
3141 1273
3146 3473 1957
3148 3646
3152 1163
3153 5331
3154 5052
3160 1305
3161 1911
3163 726
3164 5395
3167 1911
3168 5052
3172 1163
3175 2823
3177 2823
3179 2394
3180 838
3182 1290 1896
3186 5392
3199 1201
3200 1957
3209 1546
3213 1896
3219 3141
3220 5996
3225 3961
3228 3065 1864 4814
3232 5331
3233 3310
3242 1163
3250 4769
3252 1273