0 2167 3036 2962 1290 4605 2943 1450 1550 4416 697 1670 1896
1 3036 1316 5456
2 2620 1896 5448 2379 4763 3036 880 697 748
3 3258 5203 2435 4416 4303 4300 145 5810 2778 1559 1009 2809 1550 2943 752 880 163 2209 159 3452 2171
4 2943 4184 2593 3452 4303 3961 4326 2014 1490 752
5 3587 5471 2943 640 697 4763 1060 880 4605 3830 3650
6 2450 2620 1100 2543 3961 4184
7 4605 4124 3473 4554 1711 2620
8 2943 2171 3258 1290 3473 3840 3646 3036 5395 697
9 640 4605 736 3980 3258 3036 1389 5468 2962 1836 4840 2171
10 5392 3961 402 2187 5456 2795 3473 1124 2846 2171 2943
11 145 342
12 2187
13 880 2245 1896 2909 2187 4326 5456 4303 2795 3961 3452 2171
14 2171 1911 3473 1896 880 3036 2187
15 3473 2795 880 691 182 640 1550 1060 2943 2846 5456
16 2543 1711 3724 1389 5721 1119 4763
17 3150 3258 3473 1414 2943
18 3144 2435 1490 4184 423 3693 5634
19 2167 1711 3150 5578 880 697 4184 1264 2543 145 4678 1087
20 1670 2171 3369 2943 3452 752 697 4326 5088 1550 3587 1264 5456
21 194 697 2943 3369 2897 1273
22 421 3036 4763 697 5471 3961 4475 2620 3744 3473 880 3968 5353 187 1394 2209 691
23 2209 1550 1389 183 2962 3036
25 423 3361 1087 3961 1779
26 3036 640 2897 2620 301 2245 751 1550 838 1420 1264 880 3148 402 4326 3968 3840
27 3473 1389 3036 4554 4416 423 5009 1550 2909
28 3078
29 1642 2943 3170 301 194
30 1164 4638 1389 1087 5392 3691
31 2809 3150 3015 2435
33 1264 3473 2943 3452 3961 5721 2171 2858 1394 182 1711
34 3790 3961
35 4763 2171
36 423
37 3961 2543 4763 3473 691 2171
38 1351 839 1623 752 187 3587 1550 871 2902 1596 2909 4303 697 3012 145 880 1642 2593 2110 3369 3421 3450 4416 1264 929 2755
39 1711 1368 2943 3036 2245 182 2435 3473 4326
40 4638 697 1264 1389 640 3012 3968 690
41 348 2167 4763 2171 4184 5422 145 309
42 2943 2543 3968 640
43 4645 309 2171 2943 2620 1420 3830 4256 1351 1164 1711 5946 2040 623 1300 194
44 1911 880 2167 2620 1523 1550 5353 1420 3036 5240 4763 1389 1394 4416 1670
45 402 2943 3217 3473 4184 4932 3036 2171 880
46 3646 3961 2943 4446 2809
47 2620 1896 2167 3258 4840 1141 4605 736 1550 697 3587
48 1550 640 3156 2620 3258 4303 4763 3805 2014 2943
50 690 194 1389 3012 5946 2620 1087 4184 640 880 3258 752 2593 3510 2858 3369
51 1398 929 2967 2962 3258 697 4354 690 1642 1389
52 2187 2171 3144 4577 5456 3993 697 423 1264 1896
53 5088 1911
54 1896
55 5088 1163
56 1019 3501 4763 3052 2917
57 145 3473 929 1711 1112 3968 2620
58 4184 1305 1389 2809 2831 3961
59 5619 348 2620 3452 4184 3258
60 354 3258 5009 5721 1670 3452 2801 2224 697 3036 4475 1529 1523
61 2962 1911 4184
62 1942 461 3036 3744 3961 5240 4184 1642 690 3473
63 2620 1896 2017
64 3473 145 4763 1896 1394 697 3805 3968 3036 2543 5240 3452
65 3587 423
66 5634 5456
67 1550 1290 3258 697 530 1389 2040 4087
68 4184 1210 880 1019 5353 1490 5619 3980 2593 3744 1550 5835 187 1394 3036 4382
69 4326 1940 342 1711 5537
70 1351 880
71 441 423 623 1911
72 1529 3961 5392 423 2846
73 5456 3473 1087 4475
74 3258 2171 2435 1911 3473 3805 1529
75 3012 2167 4326 697 1747 1264 1368 3473 423 1290 4184
76 1711 5634
77 421 880 1394 3036 5240 1087 4827
78 5088 1555 1490 697 5353 3961 3258 348
79 1642 4416 4184
80 2435 3790 1389 423 2809 5456
81 5327 2543 1711 3473 1896
82 2379 6000 1550 1896 4184 4763
83 423 5392 1389 1264
84 2962 1290 3961 880 2171
85 5921 2846 423 5471 929 736 3150 2543 1550 64 3744 1642 697 3452 3473
86 4554 423 2014 1642 3473
87 2224 1670 3258 3587 2620 145 2245
88 1264 4416 1163 4931 1066 5721 1555 4605
89 4416 342 1264 2809 2171 3258 1747 3961 423 3693 1087 1578 3452
90 3587 3258 5619
91 1642 752 2809 5456 423
92 4763 4184 2943 690 3805 640 3258
93 4948 5392 1711 3473
94 1389 348 187 1642 3587 103 4303 1711
95 1550 4416 929 234 348 1642 2543 5872 3369
96 5240 880 3961 3078 4821 421 5471 1264 1896 301 4416 4475 4763 3036 2795
97 3078 697 4326 3258 3961 348 2897
98 2846 1394 2795 5392 1316 5471 5240
99 6000 880 3961 423 2543 1421 3369 4763
100 2543 3473
101 187 1019 4303 4184 2224
104 1940 1550 103 3980 3361 182 2059 623 2962 1019 2943 2909 3744
105 1911 4605 2809 2943 3258 5468 3473 1368 441 2167
106 2801 5044 1711 4416 1850 5537 3078 4763 4184
107 1264 3744 423 3805 1316 1394 1732
108 423 1896 691 1957
109 3452 640 690 2962 4416
110 5456 4763 3258 1911 3744
111 1711 1896 2962 5468 6000
112 1896 301 1394 4475 3587 2543 880 1316
113 3258 3744 348 3961 421 1264 5240 2943 3805 3036 3548 4554 3473
114 3790
115 2021 4763 163 3078 1578 2543 1550 5088
116 697 5471 4416 5870 172 1623 936 234 4638 2620 4763 1850 5456 691 1066 2909 1747 3258 5721 5634 2110 3039 1398 640 2943 1264
117 1305 1697 4638 3473
118 1316 880 3805 3361
119 2171 3805 5392 910 5471 3587
120 3473 1305 2809 3961
121 4184
122 736 1305 4763 1732 3473
123 1305 2171 3258 1087 2040 1747 697 4184 2543 3693 348 3961
124 2620 640 421 929 1394 2943 880 3036 1896 5240 2167 3840 1389 5353 2897
125 5578 4577 640 423 2846 697 1642
126 2858 4638 3961 697 423 3473
127 183 736 5954 3968 1911 3650 929 1550 2620 2897 3473 2962 3150
128 2435 1389 4638 1490 1550 3258 1642 4416 1977 2620 2909
129 1420 5088
130 3036 5392 2917 1087
131 423 1100 1305 194 3049 4184
132 187 2620 3258 4416 5240 2909 640 194 752 690 1389 145 1550 3036 423 5353 342
133 2846 1642 4124 1264 2943 3587 423 697 2917
134 4416 1264 2014 3036 1009 5946 4763 1389 3473
135 690 4416 1896 5052
136 4416 1550 3258 270 145 5537 736 4821
137 1642 2040 1578 5471 4577 3805 3361
138 1264 1316 4184 2171 423 3517 1305 1163 4124
139 1087 697 4416 3961 4382 2543 348 1305 4184 1896 3840
140 6000 2017 4416 2543 3258 4184 1124 3961
141 1420 4184 5395 423 1911 2171 1490 2943 4416
142 3012 2543 3961 423 1896 3805
143 1550 1670
144 1087
145 2435 5088 2943 1389 1711 4416 1264 1940
146 1305 1642 2846
147 348 3840 527 2620 4605 64
148 5353 3361 3805 2943 3473 1305 4184 3587 3961 3452 4303 1264 1555
149 1446 3078 2435 4948 1670
150 1642 1389 1316
151 3452 1911 3258 348 3473
152 1389 2897
153 3036 1316 2110 5468 3830 2943 3258 4763 3840 3980 3473 1100 1305
154 3587
155 1164 145 5731 5240 3805 3650 690
156 690 5088 697 2543 4416 3961 3473 3805 1670 2171
157 423
158 1896 4184 6000 4326 1119 3840 5088 2379 1550 623
159 1911 423 2962 2620 1670 2171 4605 3473
160 3805 1066 1264 2640 5471 1732 5456 194 4326 5731 2895 5088 5392 3450 1394 234
161 3361
162 4605 1414 697 1670 3369 2620
163 3805 1529 423 3473 3587
164 1670 3473 4416 690 3805 5456 1389 1264 3369 2943 1711 1305
165 4800
166 690 1305 3961 3805 4184
167 2943 2171 2435 3258 4416
168 2943 3078 3036 2909 1100 1264 5578 4577 1009 2171 2858 301 3968 691 1896 880 4605 3961
170 736 4605 1911 2017 1896 880 5823 3473
171 5619 3961 3258 3036 1264 3805 3078 4184
172 3501
173 1264 5872 677 2488 410 690 5353 5456 1163 309 3588 2943 4416 1394 1388 5380 1578 3771 2014
174 6000 2167 4605 1398 3036 4763 1550 1896 3830
175 4605 182 5456 342 4416 3473 3968 697 4326 2171
176 2171 1264 5088 4416 3587 4184 423
177 3049 2014 4605 145 880
178 1864 3452 3481 1398 1394 1009
179 2171 2187 1087 4184 423
180 1368 4300
181 2450
182 423 342 2171 5456 4821 4326 3587
183 3036 3968 1163 4605 1711 1896 3012 4326 3624 690 3473 880 1264
184 640 2909 2152 690 2488 3258 4326 103 1009 736
185 1642
186 3968 3473 423 2171 3805 1711 3961 929 35 1896 4184
187 1264 1087 3961 3258
188 4184 3822 35 3650 1305 2187 495 697 3431 2795
189 421 4475 3961 1264 3036 690 3744 4638 5240 1062 3805
191 1747 3049 4184 4763
192 2909 3036 2943 3968
193 4184 1087
194 3036 1124 697 3473 880 3012 2171 3624 3258 4087
195 5392 4184 423 4638 1642 342
196 880 3473 423 3258 3078
197 3258
198 1711 1087 423 1305 64 2171 2040 3473
199 1896 4605 880 1545 423 690 4184 2450 1550
200 423 2171 3452 3473 880 3961 4821 697 1896
201 1896 3473 2171 1316 411 3961 1911 6000
202 3961 3560 1529 3452 697
203 880 1711 2171 4821 4827 3036 4184 4416 1911 1896 3968 1490 1779 2620 3961
204 1896 3258 2620 6000 3961 1642 3369 2962
205 3587 3473 697 3961 3805 2171 2187 3452 35
206 187 3744 880 2620 2171 2943 3258 2897 4605 4303 4326 3517 2809 4430 2187 4416 2194 736 697
207 3473 2171 1896 4763 3961 5456 1264 2543 2943
208 35 880 1896 3258
209 4763 2897 182 2967 880 1389 3473 3968 2909 1394 4303 301 5240
210 3968 2897 270 1911 697 342 3961 2846
211 4416 880 3805 5357 3036 1394 3693 697 301 2897
212 2171 1592 2780 4518 3968 3587 301 2620
213 35 697 3968 4416 736 1896 3036 3078 301 6000 2897
214 421 187 1394 880 3039 4475 301 1019
215 880 2014 3805 6000 35 3258 697
216 5385 2167 880 1711 163 6000 2897 3473
217 3078 2620 301 3587 4763 4827 2897 3258 690 5240 348 421 880
218 2780 1087 2187 3587 3452 2593 301 752 1711 5634 187 3961
219 2104 2488 4326 2943 423
220 5240 880 3052 5456
221 690 2909 1550 4416 2943 4184 1264 423 2171 2858
222 1550 5088 1163 3452 1642 3036 1305 5392 2014
223 2171 2943 2780 1529
226 194 1264 1394 736 3473 1550 145 423
228 1087 4416
229 1300 4303 2394
230 1087
231 4184 1940 187 2171 1711 3961 301 4303 4416 1264 1732 1009
232 3452 2022
234 1732
235 1670
236 64 5310 4605 3587 1100 4763 3840 441 3473 163 1087
237 1578 3805 187 5619 2780 2593 194 4303 3744 3452 3036 270 5380 5835 2209 2943 880 1670 4554 3150 1264
238 1087 1550 690 4416 2917
239 3691
240 4416
242 2394 1550 1642 270 5471 1163 348 5009 3369 1305
243 3790 697 736 4638 5456 828 2171 234
244 3961 1550 2245 1389 1911 4354 4184 2962 309 4303
245 1979 35
246 1779 1550 5310 2022 2962 1389 5468
247 880 2040 1670 4416 2943
249 4416
250 187 3310 1711
251 421 1087 1264 3036 4300 301 1711 4167
252 690 880
253 2224 4416
254 423
255 3587 736 1018 1389
256 1112 4605 1305 4416 1087 2962
257 752 1940 2795
258 4763 4416
259 4763 1596 1550 2943 3258 880 1642 1163 1709
260 4326 1389
261 423 3587 35
262 3078 441
263 4821 402 3217 1087 2358 2488 1642 880 3744 709 2040 1592
264 1550 1389 3473 1642 5471 3805
265 2435 3452
266 5954 1732 5088 182 3078 3452
267 1957
268 301 1711 423 187 2943
269 2171 2014
270 2840 3258 1529 5392 3389
271 3052 1697
272 35 5310 530 4761 3201 5456
273 145 3051 752 2620 1642 3744 880 1896 234 1592 3452 2593
274 2187 423 1398 1087 2809 3452
275 3961 4416 736 1389 1911
276 1550 423 697
277 880 3452 1066 2640 530 1019 1642 3961 421 1202 3805 3450 4821 3650
278 1711 2780 1450 880 1592 3473 2909
280 2171 1100 3258 2435 4416 3369 2245 697
281 4416 1711 5392
282 3691
283 4416 348 2620 3452 2435 736 3473 3840 3361
284 3369 423 4184 5088 1316 4416 5954
285 1732 4184
287 1305 1264 3650 4598 752 187 4184 1009
288 5240 3771 1446
289 4598
290 4124 2187 2858 2040 1490 1087 5088 697 1100 3012 1264 4416 2909 2943 2171
291 880 2171 2943 1009
292 2593 3473 3078 1911 423 2171 3012 2040
293 2943 1087 1623 2593 5380 1060 838 187
294 1911 3036 2909 3587 2593 2780 4083 880 2110 1642 1711
296 3587 4184 3473
298 1711
299 1670
300 1087 5634 5392 4303
301 2909 1446
302 5456
303 1087 5088
304 1389 423 752 4326 1316 4184 5456 1424 1642
305 3150 4303 3369 2943 4416 2809 2593 1164 1642 1711 1018 1550
306 2543 5088 3473 1911 234
307 187 4303 1559
308 4184 4303 880
309 1316
310 1529
311 3980 187 880 1711 6000
312 3961 1141 2846 5088 1316 640
313 168 5392 929 2780 5634 3691 1642
314 4416 1424 4948
315 1670 301 5946 187 4416 1264 2962 5279 2171
316 2171 3258 2943 1550 1264 1389 5088 4518
317 736 2435 2152 1009 3258 1550 187 3473 2943 4800 3938 1646 752 2488
318 5954 2846
319 1305 1389 1911 752
321 1642 2962 3587 736 3693 4821 3624
322 2809 5240 4638 187 1019 5471 871 3036 4184 145 2022 1596 690 1389 1394 5456
323 3587 1163 690
324 697 3473 4416
325 1264 2593 3051 5088 2909 880 1642
326 3258 4763 194 3790 1316 1389 690 1550
327 1642 1087 3587 1711 2593 1968
328 929 697 4184 2780 1642 1711 4475 1389
330 1747 2543 4416 1100
331 5088 4638 423 3012 2943 3036 736 4184
332 4184 2171 2943 1305
334 632 3258
335 2040 3036 2858 1490 1389 5456 697 2171 2175 3473 3452
336 1550 1642 4354 4326 623 4184 697
337 4184 4416 1305
338 3369 3980 187 2962 4326 1911 4763 3473 1578 1550
340 1163 5331 880 461 4303
341 1940
342 4275 3715 1529 697
343 2040 2809 1264 3517 697 3516 623 5537 3587
344 1811 4416
345 2943 1087
346 2943 5954
347 3452 2917
348 1642 3452 527 3473
349 5392 2593 4303 5835 1050 4821 1305 1623 4124
350 2358 4303 4416 880 1100 1711 5411 423 1559 1119 234 187 1911
351 3369 2171
352 2858 3452 1019 2943 752 2917 3036 4303 1711 2831 3587 2593 1979
353 423 2801 4763 1087 182 4416 5044 1911
354 1940 2171 1264 2831 3078 4416 1087
355 4416 3473 5946 690
356 4948 1732 4184
357 5331 1305 1264 1670 2171 4416 5954 3805 4184
358 2543
359 187 697 5088 1264 1711 2943 752
360 1264
361 4416 1940 4326
363 2943 2171
364 5240 2171 1018
365 4184 3015 2014 2171 1264 3258 234 2943 3961
366 5088 1490 2022 3693 3369 1711
368 4184 1670 4303 2846
369 1711 4763 2943 1264 441
371 3587 4326 2897 2171 3473 1305 3012 1264
372 4326 3473 4416 5088 2943
373 1490 640 690 3473 234 5456 2871
374 4763 1316 5088 3258 1642 1389 1450 3012 423
375 1642 1529 3473 3258 1264 1368 2105
376 1711 2167 697 4763 2187 5456 421 2593 5240 3036
377 3473 4821
378 5954 4416
379 5392 2858 4416 1424 2014
380 103 1009 1398 3744 1264 4083
381 2943 690 3258 1264
382 2909 1911 4416 4184 3258 1389 690 1550 236 423 1264
383 4416 3840 4303 1747 3961
384 2543 880
385 4821 4184 3961 5456 5331 3805 2943
386 423 3361 4184 3805 3473 3258 1529
387 4598 4554 1009 880 2593 1394 1398 187 1087 4184 2943 5456 752 3150
389 1697 3452
390 3473 4763 3036 1389 3961 2943 2171 3258 2620
391 4184
392 3078 2017 4184 301 2167 3473 2943
393 2543 4416 1896 5471 880 1711
394 1316 423 880
395 3361 1316
396 4326 423 1264 1163 2014 5456 3473 4184 4416 1087
397 880 3258 3587
398 4184 1087
399 3078 690 5634 423
400 1264 423 1550
401 423 1578
404 3361
405 1264 2014 5578 2209 3473 4416 4184 4821 2917 309 3258 2943
406 5619 3805 4300 5009 2620 4303 880 2358 2780 3258 4638 5835 1305 3150 3452 1711
407 187 4948 2017 880 1316 423 1911
408 3961
409 4256 3036 4184 3587 4326 3258 4763 4605 1747 3473
411 2171 1896 4763
412 4416 1264
413 880 1316
414 4789 1896 3036 423 4763 1550 697
415 3012 3473 1050 1604 697 2488 936 5946
416 1389 3587
417 1747 3473 4416 3258 2943
418 1264 3361 2014 1529
419 1087 5456 3012 1264 5721 2187 4184 2846
420 1811 348 1836 2620 3473 2962 3624 1896 3036 1550 880
423 342 3078 4184 423 1264
424 2543 3258 1100 163 4300 3452 4184
425 3361 880 3980 1711 5537 1896 423 4303
426 3036 3078 1896 4184 3361
427 1305
428 4326 3473 423 1087 1642 4763
429 751 3517 1264 752 410 2062 1305 3516 3689 1864
430 697 5392
431 1018 6000 1642 194 2909 1911 1019 2620 348
432 1394 1389 1642 2795 4475
433 1711 929 3258 697
434 145 2059 3258 2620 1259 348 5353 1896 2593 640
435 880 234 3993 1305 3258 3587 4416
437 423 690 1711 5009 1981 3039 4763 3258 2022 1550 697 4416 4184 1316 3693
438 4184 236 5088 880 2171 1389 1911 4554 423 3473 2435 4416 2620
439 4184 1368 1100 3012 1578 2435
440 2846 2543 3968 1087 3473 2171
443 1305 423
444 163 2488 1711 2435 1316 2543 3258 5456 1351 4275 3150 3840
445 1711 4303 3691 530 423 1559 187
446 3744 423 1305 3452
447 640
448 3258 4763
450 1578
452 1559 182 3744 3361 103 4800
453 1087
454 5954 2902 794 5619 2488 4184 2593 1529 1711 880
455 1316 3805
456 423 3790
457 3369 1305 697
459 1642 423 1316 3283 2877 3473 3055
460 234 1316 1490 5088 3452 423 2435 2917 3693 2171
461 1087 5456 1642 1711 3258 5353 4763 3587
462 4184
463 5578 2962 3790 1316 423 3258 1529 1087 2435
464 4184 1596 1163 2795 690 1850
465 1578 1389 1642 423
466 3049 2171 1087
467 1116 270 4827 2780 1316 2167 880 3650
468 5009 4040 1394 736 838 5240
469 4763
470 3104 2967 3450 3421 4416 1398 5411 3369 3078 691 697 2909
471 5456 3361 4821 1087 1911
472 3473 423 1087
473 5456
474 1578 1550 1264 4382 1670
475 2167 2435 530 4416 1550
476 423
477 1087 4827 234
478 4577 3587
479 3961 3452 423 3369 2171
480 2488 2224 3452 1424 2593 2435 2909
481 423 1779
482 1911 1732 3693 1642 3452 1389 697 423 4184 342 1592 1087
483 5456
484 1316 3693 423 1670
486 3078 1642 3473 623 1550 697 1351 1896 270
487 2809 1389 423
488 3473 5411 2435
489 1100 3473
490 1305 2171 1316 1368
491 4800 5989 1850 5537 2809 2801 1316 697 1711 238 145 4446 1019
492 2187 1019
493 103 1264 187 1732 5240 1559
494 2171
495 348 3361 1709 1711 2171 4184 1087 929
497 1351 3369
498 4416
499 4416 145 4184 3588 690 2171 2778 1100 2943 2488 1398 292 2620
500 3980 2167 3473 5872 880 187 3822 4821 4124
501 423 187 4326 1009 1711 4303 4124
502 3078 423
503 1087
504 1100 3258 234 697 1550 2858 3036 748
505 3258 1351 5537 3012 2171
506 3078 2171 1550 3481 1305 3588
507 2917 1316 3790
508 2943 2171 3805 410 3691
509 5088 3369 1389 1112 1087 4416 3144 1550 697 234 2435 2171
510 1305 880 2943 5088 1529 1747 3036
511 4821 423 5471 2224
512 1642 410 4303 4382 2943 187 1394 3961
513 3012 1389 423
514 3961 301 3078 1087 1389 4184 1555 4475 1264 2917 2858
515 2171 1424 3258 1911 1264 3473 1398 2831 2943 187 5954 2909 4416 2187 880
516 187 3646 1100 1009 4326 1087 1305 1711 103 880
517 5839 1940 3452 2118 5823 2943 5872 2778 5456 1394 2329 1623 2917 2209 3993 4326 3968 4638
518 3587 2435 1389
519 752 5835 5203 437 1009 4821 5353 1394 1389 1305 2488 2780 3622 5310 640 1388 880 2435 3310 159
520 234 4416 4184 1305 2543 3258 3012 3369 423
521 423 1264 2909 4638 4184 191 3693 1305 1550 5578
522 1940 1864 1264 3452
523 423 4326 5088 1642 5353 1940
524 1389 3258 1697 3408 3473 234
525 697 3968 1711 2435
526 3452 5380 187
527 2943 3258 4416 3012
528 1394 5353 640 3805
529 1711 3258
530 1550 5456 5331 1316
531 2780 880 2593 437 3258 3452 5578 2209 4763 4184 309 441 2831 736 4638 3744 163 4932 2795 2943 3369 690 2620
532 5537 880 4184 1446 5088 309 3036 3452 752 301 530 4303 342 187 5596
533 1940 4303 5468 1529 3744 1642 3389 5353 4300 5721 5596 3310
534 1264 423 3258 2187 690 839 2171 3693 3587 5456 4326 4184
535 4605 1351 194 301 3369 2620
537 1414 1389 3473 3961 1490 2171 5456 690
538 736 4638 752 3036 3961 1389 3409 5353 5240 5471
539 194 2943 5456
541 5380 3693 3744 2831 3361 4303 1711 2809 187 5009 2593 1779 1775 2780
542 1264 2858 1087 3258 2105
544 4303
545 3771 4167 2543 3258 910 4638 2389 159 5203
546 1018 1290 1446 3473 2543 4326 5088 441
547 640 309 2620 4605 3980 3968 3258 1305 301 423 2897 880 3049
548 1940 2171 5578
549 1836 3078
550 1305
551 4763 3961
552 4184 423 4416 1490
553 234 172 3961 1850 1896 3473 1747 2110 35 6000 1389 1290 1202 5537
555 1394 2967 2840 301
556 182 423 2171 342 4184 4326 3693
557 1316 3473 2795 1264
558 318 3078 1316 880 3961 1100 1264
559 4821 2962 4763 3473
560 423 880 1979 163
561 3587 4184 4638 423
562 2171 5634 880
563 1264 3217 3452 4605 423
564 736 697 5240 2909 1394
565 1896 3961 1264 880 4416 2394 182
566 4326 3473 1316 5392 4638 423
567 1490 423 4184 752 1163 3473 1389 4638 3744 3049
568 423 4124
569 4184
570 1316 1896 2543 3840 1670
571 2877 423 2171 1779 163 1087
573 4184 194 1775 1264 2917
574 880 1087
575 3473 4554 4184
576 1014 1389 3473 1140 1264 1394 35 1850 3452 2014
577 182 270 2171 423 3078 3693 3961 4184 5456
578 3036 4184 1100
579 423 3693
580 1316 1732 2943 690 2795 2171 2187
581 1368 1389 4184
582 301 1202 1316
583 3361
584 2917 1850 2801 5327 1019 3744 2846 4948 690 3501 5989 1711 4303
585 880 4763
586 880 1896 5009 3036 3961 3805 3473
587 3587 5578 2846 2171 3805 3961 4554 3473
588 4678 1290 2171 3473
589 2167 5088
590 3587 4475 3822 5634 1529 3805
591 697 5240 3258 880 301 4821 1394
592 1124 1811
593 1389 3012 1100 2543 2435
594 1389 423 187 1642 4416 2795 3051
595 2171 1670 5009 2543
596 423 3473 3961 3258
597 1550 3840 1836 3473 4354 4303 1316 4605 880 2620 1896
598 1087 423
599 2909 3036 697 423
600 3473 880 2943 1446 1550 1896 1389 4416 1642 1911
601 1305 3049
602 839 3258 6000 1979 148
603 423 880 2809 752 2909 3036 5009
604 1779 2809 1264 3078 5456 880
605 697 5098 2224 5456 4475 5471 5331 640
606 1264 4184 3961 1389
607 194
608 423 3258 3473
609 3078 3036 3961 1210 2171 3258 697 3840
610 4184 35 2620 1747 3587 880
611 3258 1836 5872 1550 929 441 2167 2040 1896 4763 880 3036 421 301
612 751 4083 1264 168 3036 423 3473 3150 3961 2626 3258 1087 234
613 423 1264
614 4605 690 2620
615 35 421 3036 880 3805 5353 3840 3961
616 3961 2488
617 640 301 3693 2040 1896 880 2943 697 1210
618 1087 751 3693 423 348 3369
619 3805 1394 5731
621 3012 4184
622 3961 880 2809 3150 1264 1087
623 5634 4416 4184 3693 3961 880 1896 6000
624 3961
625 5456 3473 690 3961 1896
626 880 1316 1119
627 3473 2187 126 2014
628 1559 2943 880
629 1009 4763 1290 1642 3968 3473 2962 623 1550 3409
630 697 5721 3961 1394
631 2110 1066 149 1210 2017 1747 1896 35 1412 4605 3961 1100 880 1596 690 1305 1389 4416 2450 1290
632 2943 1316 3961 3258 2171 3473
633 64 880 1896 3310
634 1087 3217 4184 1957
635 2943 3036 4303 1896 4124
636 3258 1316 4184 3961
637 3961 1896 234 2171
638 5456 2171 348 1578
639 1389 1087 2187 3961 3693
640 1316 1305 4184 342 1087
641 880 2909 423 1394 697 145 187 301 5471 1711 4124
642 697 4184 3150 1389 2943 3961 2450
643 421 301 3805 1896 5619 1394 736 880 3961 4184
644 1394 3961 301 3805 697 880
645 145 3961 3036 4763 2379
646 4475 5578 697 1394 3805 880 301 2909
647 3587 4184 423 697 3473 2171
648 4763 2017 3015
649 1087
650 3473 2171 3258 4763
651 1623 936 1019 1446 187 4167 4303 1711
652 697
654 1316
655 3036 2943 3961 880 5619 4303
656 4184 1087 5578 5392 3961 1264
657 182 3587 3993 423 2846
658 3646 1850 1412 3501 880 1711
659 423
660 2187 1940
661 2962 2809 1316 2022 4605 2943 3968 4354 2171 3258 3624 1670
662 2620 3036 2241 5468 691 4577 4763 3961 1836 5240 880 3258 182
663 3691 2171 5619 880 4763 1394
664 337 301 3840 880 3473 1394 623 690 3036 3805 2897
665 194 182 2962 1979 1119
666 5731 880 301 3805 3473 1394 1087
667 4184 880 4638 3452 2194 423
668 4821 1732 2917 423 1087 2224 1124
669 145 191 2593 187 3258 1490 4840 3170 5619 2620 2059 2171
670 423 3961 880
671 3961 1316 4275
672 4184 441 1305 3473
673 3587 880 5721 697 1264 4184
674 1087
675 3036 880 423 4184 3078 3805
676 423 4475 5456 1394 3036 1896 880 3587 4326 1670 3473
677 318 423 64
678 1202 1394 2171 3258 1019 697 1850 5634
679 5448 2379
680 2187 3036 697 5721 3961
681 2224 2962 2780
682 2171 3961 2809
683 697 301 3078 5088 1100
684 3036 163 2543
685 1060 3691
686 2902 2171 423 1305 1264
687 1316 423 4638 3587 2224
688 3078 4124 423 3587
689 3587 3258 1087 4184 3961
690 1163 640 1264 4300 1087 3473 3078
692 423 4184 3078
693 1670 2245 3840 2167 5634 2171 2187 5456 640
694 4605 697 3840 1290 4821
695 423 1264
696 2171 5731 1060 1896 3036 1420
697 1979 1009 2014 1940 1559 103 880 1394 2593 187 4303 1850 1711
698 1896 4416 3587 4326 3473 423
699 342 1305 4577 423 5471 2187
700 2167 697 1670 1896 6000 4763
701 1711 423 3961 1009 1747
702 301 1642 4300 880
703 3150 3012 1316
704 1316 423 1957 1389
706 3012 234 2171 5088
707 1264 5456 2171 4184
708 1911 1555
709 1896 6000 4416 4326 145
711 3805 2620 3036 3993 697 2171 3587 3961 3452 1896 3473 301
712 1747
713 3078 3473 3805 3587
714 4763 690 301 4326 3805 5240 2897 2967 640 2780 3452 1394 421 145 1979 4303 2620 348 2909 880 3744 1911
715 2171 640 4518
716 2379 1670 4605 880 3473
717 1264 3150 3452 697 441 2167 3961 2909 4184
718 3624 2962 3473 880 3587 4763 2375 3980 623 3510 1896
719 3036 4763 423 4326
720 4763 640
721 4763 163 2809 423
722 6000 1896
723 2962
724 4541 1316 880 421 1642
726 4763 690 5392 2620 2962 3036 163
727 3473 2224 423 3587
728 423 1747 3961 6000 348 194 1210
729 640 423 3036 1316 3961 4184
730 1747 3473 423
731 2171 3822 3587 4638 3036 1163
732 1264 2062 1305 1711 292 1550
733 3744 5240 1300 5721 752 1062 4638 1264 697 2943 3409 4789 5088 2543 3036 1009 1394
734 4184 4932 2943 3587 1087
735 4256 423 880 4300 342
736 5088 3840 1670
737 4763 5619 1394 4475 3473 3452 3049 301 1732 2040
738 1389 1732 1394 3587 4475 301 4638 3805 1578 1100
739 3961 4184
740 2909 1264 5240 3036
741 3150 3969 1550 3587 4184 2171 3961 752 880
742 3036 423
743 4763 3431 301 2187 1957 1911 2620 4475 5471 736 3036 2022 3587 461 5331 880 4326 3822
744 2171 4184 4821
745 3361 3473 423 1087 1642
746 4184 3724 2171
747 4303
748 2543 3036 1911 301 3805 1264 880 3968
751 3481 194 3452 697 3227 1398
753 3473 194 4184 1087
754 5456 4326 5240 423 880 1450 3961
755 3473 3144 2755 2620 3805 3036
756 1711 2897 4605 1896 1290 690
757 3587 1670
758 3473 4475 5240 1446 880 3036
759 1100
760 4184 2795 3078 2909 1264 1305
761 4416 1979 1896 1316
762 5731 3805 1394 423
763 3078 318 6000 2017 748 1896 3587
764 1264
765 2167 1670 1163 3961 1711 2171
766 421 1896 3036 1550 736 2962 1732 2846 1389 880 182 4605 4763 3258 3473
767 1087 3961 1140 301 880 187 3587 1394 1711 5240 1202 2241 4827
768 4184 1957 328
769 751 4416 1550 2224
770 880 1545 1896 1316 4184 1163 1290 4416 640 1979
771 2171 2014 4184 1087
772 2187 3587
774 1087 4763 4184
775 3452 4577 5240 4475 5392 690 5578 1264 3805 697 1394 5456
776 1957 4184 3961
777 4184 3587 423 5835 3693 1942
778 4184 2194 1119
779 1559 880
780 4303 423
781 3587
782 1119
783 4475 1264 3961 4638 3452
784 1119
786 3805 2394 1018 423 348
787 1578 4184 3452
788 348 1164 2152 2171 3618 194 2846 1264 5619 2943 5954 2831 1019 3473 4638 4840 1940 4678 1610 1368 1850 1559
789 3805 5537 1670
790 880 752 2909 697 1550 691 187 4184 1592 1642 3473 1711 2917
791 1305 697
792 5456 1305 348 4326 4763 423 4184 64 3961 1896
793 2858 1087 2171 423 2917 1316 5279 3078 3473
794 3473 1450 3501 1911
795 1100 2209 2620 1490
797 3036 2755 3686 3473 2152 4821 1009 880 4605
798 3961 1896 1711 2620 1836 4605 4385 2943
799 5456 1087 5619 4184 4124 3587 1642 1747 168 1896
800 4638 1711 1264 187 5537
801 2917 3587
803 2209 2943
805 3501 1578
806 2488
807 1264 1711 880 1141
808 1264 5619 423 880 1732
809 1163
810 3587 4184 2187 423 4638
811 4184
812 1264 527 5331 1305 1316 3150 3036
814 3078 3258 423 1316 1087 1163 1264 2187 5088 3452 4416
815 4087 4761 423 5619 2171
818 880 1389 3517
819 1087 1264
820 130 4763 697
821 1066 2543 4416
822 348
823 4416
824 1389 1642 3693
825 5456 1264 348 1979 423 3036 5619 1420
827 3452
828 3473 2909 1264 3078
829 4416 1896 623 690 4789
830 4385
831 2209 1670 3832 2943 4184 5044 4605 4430 2110 1646 2245 2152 1019 2819 4416 5835 4678 1697 4303 1850 748 5946 1389 3588 1529 4354 441 3968 2909 5823 238 880 640
832 3473
833 1940
834 3258 6000 1201 1896
835 1747 5392 1259
836 3822 423 3587 3805 4184 1202 2640 4416 3012 2171 4821
837 752 5596 1264 2909
839 1316 1896 4763 194
840 3473 5634 301 880 3805 3961 697 5009
841 3961 3587
842 4184 1896 1697 3961
843 3587 1911 1316 423 697
844 3961 4638 4184 3361
845 880 3961 1747
846 880
847 301 3078 1394 880 3587 1316
848 423
850 3473 423
851 2543 3961 4763 1979
852 1697 4184 3961 1264
853 2593 1264 5411 301 2105 880
854 5456 423 3961
855 2224
856 1316 1529 3805 697 1264 3961 880 4475 5471
857 4184 5619
858 697 640 4475
860 410 880 1711 1087 3771 4303 1623 194 2917
861 4821 4303 3258 1711 1670 3473 4763 1896 736
862 752 1559 1957 3691 2846 5687 1398 4303 2943 5490 1264 191 1009 5578
863 1112 1420 1836
864 4475 1394 4821 880
865 1711 880 1050 3361 1259 3961 4605
866 348 2943 1711 4303 4184 2593 5392 3473 3805
867 690 1351
868 4184 2909 2897 5835 3473
869 301 3310 1592 1124 1642 103 187
870 1087 2943 752 4303
871 4416 1264 2858 4124 4326 4184
872 1642 3744 3310 3969 159 3452 3408 4303
873 880 1711 1642 1559 103 1019 1264 4821
874 423 3473 1264
875 410 1940 2943 4303 1559
876 5456 1711 5823 103 1642 1578
877 880 2488 2909 4326 301
878 1732 348 1087 1264 423 5088
879 4083 2840 1642 1264 2450 4827
880 1087 2943 1711 194
881 1264 410 3361 880 752 4303 2593 2943
882 1018
883 5471 5392 880 423
884 3473 4184 2897
885 1811 2909 182 4303 3369 1305 1940 5872 3460 3310 3473 2943 1864 4382 4326
886 3452
887 1389 3012 1087
889 1940 4303 1711
890 4475 5456 1398 1264 1305 880
891 1711 187 1389 4275 2780 3980 4541
892 1087 3961 437 3452 4475 5823 4382
893 3473 2167 1112 6000 3840 4821 354
894 5471 348 1087
895 3481 423 3473 4638 182 1087 1642
896 1389 4475 1087 1264 2620 183 697 2224 421
897 880 1711 4303
898 880 2488
899 5596 1940 5331
900 423 3012 4577 1087 1316
901 697 194 4416 1087 4184
903 1529 2909 3473 4167 5989 1305 1697 2450 5392 3587 423 2917
904 4800 1100 3473 2809
905 4326 4638 1550 1642 1981 1389
906 1087
907 1264 3961 880
908 2435 4416 4184 4303 187
909 2909 4184 1550 3452 2171
910 1979 752 423 1450 2909
911 5471 1642 3310 4326 2846
912 880
913 1264 4184 3078 1087 1940
914 1424 3473 2909 880
915 880 2488 2780 1711
916 5870 1421 5098 1316 1850 1398 1087 1019 530 3258 4446 1711 2755 35 2091 880 3473 2171
917 3452 194 3258 5471 1642
918 5456 3473 1697 2171 2943 423
919 348 2809 1087 880 1711 1062 1911 187 4303
920 3587 1578
921 1087 4931 423 3473 2909
922 1389 697 736 1642 2780
923 880 5456 1559 1264 1398 2620
924 423
925 5456 1642 5471 423
926 3258 423 1490
927 103 2593 1559
929 4638 1559 4577 697 2593 187 1670 2358
930 4303 880 2593 2943 1711
931 1711 1124 880 1559 2488 348
932 4303 880 4638 410 3452 752
933 187
934 5009
935 2593 4303 1559 880
936 301 1711 4827
937 2943 3473 5537 1559
938 410 2943 2593 1559 4184
939 880 2593 752 5088 3408 3473
941 3078 3361 690 2795 1711 880 194 342
942 4303 1009
943 1009 752
944 3452 1087
945 4416 1389
946 880 1911 1368
947 421
948 3840 1592 4184 4303 3036 1642
949 1697 1559 187 1062 880 1642 697 3646 5392 752 1264 3408 3516 5380 4303 3150
950 4184
951 1351 1911
952 3049 3310 1305 1864 187
953 421
954 1642 1100 5471 4827 1732 5596 4184 1264
955 2167 1368 4416
956 1864 1087 2917 530
957 1550 5456 5088 4821
958 3078 1550 5634 5456
959 3078
960 4763 2040 3357
961 1446
962 4184
964 3473 4827 1642 3961 4763 880 5240 3968 3036
966 4763 423
967 2062 1316 3691 880
968 1747 301 880 1264 2795
969 5353 690
970 1394 5392 35 697
971 880 423 4184
972 5392 3258
974 2780 1642 2909 4303 1592 1316 880 4475
975 880 5471 1316 1394 3805 3473
976 2543
978 4416
979 5088 929 5392 3469 3822 1112
980 3805 1642
981 5634
982 4303 2245 1642 270 4326 697 3258 4789
983 1264 4416 2187
984 1642 4326 126 4827
985 1087 1911
986 3452 1100
987 3452
988 1811 697 640
989 880 838
990 421 1911
992 5578 3646
993 187 2022 1062 4518 880 1529 1264 4303
994 3473 3744 880 5456 2022 4416 4763 421 3036 3961 3968 3624 2962 4827 5240 5468 1550
995 2543 1087
997 423
998 697 1911
999 1711 35 4416 301 1864 187 1957 3771 3310 880 4184 2593 838 530
1000 1394 1592 1100 3036
1001 301 421 3686 3961 1747 3840 697 4416
1002 3587 187 880 4303
1003 35 2017 880 1642
1004 2795
1005 1642 1446 5731 3051 1389 1942 880
1008 2543 5240 3968 4827 880
1009 4326
1010 3587 423
1011 1351 1545 1112 697 1711 4827
1013 1578
1014 5471 1911 1100 1394 1981 4821 1264
1015 3961 880
1016 1100 1060 1202 2040 1164 880 3431 2450 1697 2477 270 3156 1394
1017 880
1018 880 5471 35 640 690 1394 3587 301 3036
1019 423 3036 4184
1020 2040 1119
1021 1087 423
1022 348 423 910 690 6000
1023 4184 5456 1732 145 1896 1711
1024 3361
1025 752 3473 1316
1026 4184
1027 3961 880 5448 5721 4821
1028 4124
1029 1394 4827 880
1030 1264 1009 2171 1087
1031 234 1670
1033 5537 3840 5088 1066 4416 4763
1034 1398 3473 423 2171 182 1264
1035 423
1036 1060
1037 3587
1038 3473 1264 2943 5456 1087 4184 3078 423 640
1039 1087 342 6000 1446
1040 1394 1850 5009
1041 640 5456 4821 168 697
1042 423 1896 2171 2943 1264
1045 4124
1046 2171 3961 2167 182 2846 1316
1047 2171 4638 4763
1048 4638
1049 2809 3961 2543 697 423 1896
1050 2943 4385 301
1051 3961 3473
1052 1940
1053 3805 1394 5088 697 301 3036
1054 2040 182
1056 1578
1057 1394
1058 3473 1264 4475 3587
1059 1316
1060 4763 1264 4416
1061 2943 3830 1273 690 4605 1210 1264 1550 5331 5870 1389 1711 2245 301
1062 1670 423 1316
1063 5392 1316 423 1732
1064 3805 3258
1065 880 4184
1066 1389 1264 3501 5634 3646
1067 2858 1578
1068 3473 423
1069 3473 4326 1896
1070 2620 3258 1896
1071 348 3587 880 423
1072 4475 423 3473
1073 423 4475 3473
1075 1394 1450 3805 2241 1732
1079 3126 2171 690 1896
1080 4763 880 5634
1081 3473 5456 2450 4184 3452
1082 2450
1083 1264 5619
1084 2809 1578 4638
1085 348 2809 5456
1086 342 4763
1087 423 3473
1088 423 4184 4821
1090 4184 3078
1091 2187
1092 4763 5395 3473 4821 2780 3624 1979
1093 4763 2171
1094 1264 1732 1394
1095 301 423 1316 1368 1394
1096 3258 4416 234
1097 1711 4303 1087 1940
1098 4124 4763 3830 2943 4605
1099 880
1101 5731 1100 880 4475 5471 301
1102 423 4184
1103 5471 697 423
1104 2105
1105 2543 3049 880 5596 301 2209 5537 4605 5456 5098 5578 270 3369 3961 3968 3015 5810 1264 5946 1388 3715 1578 1711 423 1716 4416 1425 2780 1559 5823 2778 4800 2014
1106 4948 4763 234 2943 5954 1305 3961 3258 1911 1697
1107 697 2620 5088
1108 752 1578
1109 640 880 4763
1110 4303
1111 354 1642 4518 1394 1592 2909
1112 1957 1264 423
1113 1316 3587 423
1114 423 2909 1316 4303
1115 1911 5721 1389 3473 3501 1100 3968 1711 697 301 2620
1116 4184 880 423
1118 1389 2909 5392 1316 1711 4124 697
1119 880 4518 423 1446
1120 690 1305 640 1896 1550 4605
1121 1592 1273 1911 1087 2543 2171 1642
1123 4303
1124 1578 410
1125 423 4475
1126 1911 4763 1642 2909
1127 1368
1128 1273 145
1130 2909 1911 2897 1642 4518 423 1389
1131 3051 697 1316 3501 1642 1124 1896 2909 6000
1133 2840 301 5009 1394 3805 423
1134 423
1135 1711 348 3587 1559 1529 410 4303 1087 690 4256 2171
1136 1264
1137 3469 1394 1711 1850 3123 4184 4275 936 305 527
1138 3744 423
1139 1100 2909 752
1140 1087 3650 2171
1141 2909 4518 4184 301 3473
1142 423 1316 1305
1143 342
1144 2909
1145 1940 1305 1389 5392 3587
1147 423 1940
1149 4303 2171 1711 5954 1389 4184 301 1124 1642
1150 4800 697 3078 1711 5088 4184 4577 2943 4598 4382 4124 2379 1264 3012 880 3126 423
1151 4763 423
1152 2014 4184
1153 1100 4518 423
1154 2543 4184 6000 3961 880 1578
1155 2909 5392 1305 1316 4124 1087 423 2187
1156 3587 423
1157 3646 3452 3150 4303 2488 3310 880 4184 1979 5468 348 1940 3123 3036 1009 4948 752 1711 1850
1158 4184 1550 2909 1316 148 3968 1642 4763 1896 2962 6000
1159 2943 3310 1940 1264
1160 2909 1087 1610
1162 4124 2909 3389 3150 1711 752 3310
1163 4605 5634 3369
1164 423 690
1165 1368
1166 3408 194 1529 234 2194 5357 5009 697 3693
1168 187
1169 423 1578
1170 2014
1171 3481 423 4654 1087
1172 3587 423
1173 2167 5392 3452
1174 880 3452 423
1175 4184 1642 5634 4518 301 1100 423
1176 1368 4821 3587 423 1305 3078 2187
1177 301 2171 690 2450 1911
1178 423
1179 2909 3473 1642 1446
1180 2014 3078 2943
1181 423 1389 4326
1182 423 4645 1642 5456 1066
1183 5537
1184 4124 3587 1394 423
1185 423 1896 145 2171 2543 2187 5456
1186 4184
1187 1968
1188 1398 2909 2171 3452
1189 4184 1264
1190 1642 1264 1087 5392 3473 4638 423 1389
1191 752
1192 1316 423
1193 2014
1194 1264 5456 5392 1305 2014 690 1529 4184 1163
1195 530 1979 880 3691 5456 3258 5634 1420
1196 423 4932 2917 4184
1198 5392 1732 1124 2840
1199 3744 3452 1747
1200 4184 1264 2171 2967 3473 2909 5088 2809 2014 3469
1202 1529 4385 423 3473 1642
1203 1940 2809 423 4184
1204 3473 423
1205 4184
1208 1940 1592 2909 1087
1209 423 5392 5456 4638 5240
1210 1711 1420 2909 1264 690 3961 2171 423 2175 1100
1211 2187 2795 423 880
1212 423 3078 4184 1264
1213 1305
1214 697 4518 2909
1216 1060 423 880
1217 423
1218 2640 423 3469 3587 3473 5578 2943 1670 4256
1219 3805
1220 301 1394 880
1221 4184 4821 423 348 1779
1222 1670 423 2014
1223 1940
1225 194 342 423 2187 1087
1226 4638 3587 5392 3452 697
1227 4184 1424 5392
1228 929 4184 3805 527 1550 640 194 2620 3961 4763
1229 1450 1642 2909 1957
1230 880 4184 1490 423 2014 4303 4821
1231 4821 3258 736 1087
1232 690 623 880 1642 4645 1163
1233 182
1234 423 1642 3258
1235 748 1398
1236 4326 3840 3961 3587 880 1316
1237 2962 1578 623 4840 3840
1238 1014
1239 1305 1642
1240 1550 441 1896 1979 2962 3258 5471 4326
1241 2167 2171 1394 2022 3036 1911 2040 880 2152
1242 880 5009
1243 1264 2394 3283 929
1244 2917 2167 1642 1940 5203 5835 3408 4821 3227 3968 2209 1424 1394
1245 2909 423
1246 1009 880
1247 623 2187 1940 4605 1732
1248 697 1394 1670 4827
1249 1642 697 1911
1250 3587 1394 4638 5392 1100
1251 3078 3961 4184 2375
1252 1264 4416
1253 4763 3473 2962 1642 736 1009 1550
1254 2831 4948 5468
1256 1550 4326 182 1670 1264 1305 3744 3980 423 1394 4416
1257 1264 423
1259 4184 2967 423 1316 5392 5471 1394
1260 2477 163 1979
1261 736 1642 1550 234
1262 4303 3078 6000 2620 3840
1263 2488 1398 5456 5634 3369 1305 1300 2209 191 2840 1850 1578 3421 697 2171 4541
1264 423 3961 1911 1896 4326 3587 3078 1087
1265 1398
1268 5634 4763 6000
1269 423 1642
1270 4605 3961 145 3150 3036 690 880
1271 3805 1911 1316 4382 3473
1272 3473 4184 4763
1273 5456
1274 1100 4382 3805
1275 4382 1100 3452
1276 5619 4124 1711 4416 2040 1305
1278 145 1711
1280 3805 1811 342 4184 423
1281 1896 423
1282 4416 1896
1283 4184 1642 145 1836
1284 5721 5634
1285 1529 1550 4184
1286 1642
1287 35 234
1289 1711
1290 301 1642 880
1291 187 5240
1292 2017
1295 423 342 1642 4184 5353
1296 301 423
1297 301 1290 1420 4605 1550 145 690 3452
1298 4416 1596 3587 1747 697 3968 1305 4605
1299 5448 1896 1550 1087 3473 5088 1670
1300 3258 3805
1301 2943 2187 1264 3961 2171 423 3473
1302 318 3283 1732 2171
1303 423 1550 3650
1304 1896 423 690 3078 4184
1305 1896
1306 4821
1308 2171 1896 4605 423
1309 2171 1087 5456 423
1310 1264 1711 1896 3961 4475 4184 1290
1311 1305 1264
1312 2040 4184 423 2014
1313 423 4303 3473 4184
1314 880 4948 2014
1315 348 3078
1316 5392 1264 1119 5456
1318 3078 423 1642
1319 3078
1320 1305
1321 3011 2187
1322 423 5456
1324 2943
1326 1578 697 1264
1327 3805 2209 4326 1316 2040 1087
1328 4184 1316 1100 2917 3452 4518 423
1329 1389 4184 1398
1330 4326 1896 6000
1331 3968 1421 1060
1332 342
1333 1087 3744 3361 3473
1334 1578 4300 2187
1335 1018 2394 1578
1336 3805 423 4821
1338 3473 3361
1339 423 4184
1340 3744 1578 3501 1711 4184 3646 3805 4275
1341 3961 2224 1264
1342 5619
1343 3473
1344 2017 2943 697 690 1368 4184 2909 423
1345 3452 1264
1346 4184 4416 342 3078
1347 2909 3036 3501 2171 1100 64
1348 3052 1940 1009 1711 2040
1351 4303 4605 4184 3078
1352 149 2801 1850 342 1019 4605 4275 1711 3961 1450 1087 1202
1353 5392
1355 3078 2017 1896 4184 3473 4256 4932
1357 1424 4184 423 318 1775
1358 3258 1398 880
1359 3361 1087
1362 423 1264 2902 1087
1363 1264 5578 2171 3078
1364 3691 1305 4416 1087 2171
1365 880 910 5578 1711 1009
1366 4763 752 2846
1367 3587 1389 1642
1368 1578
1369 4763
1370 4184 3473 402 3805
1372 4475 5392
1373 1264 423
1374 2105
1375 3078 1368
1377 5578
1378 3587 640
1379 1389 4385 423 3587
1380 423 3805 3473 1578
1381 880 342 1779 4184 2943
1382 1896 880 640 4416 194
1383 1389
1384 183
1385 309 1305
1386 1578 187 4184 4416 880 1559
1387 3452 4275 1014
1388 880
1389 423
1390 423
1392 3452 2171 3744 4300 5456 752 2450 3473 4184 423 4326
1393 1896 3961 1670 4416
1394 880 1264
1395 4638
1397 1264 1578
1398 752
1399 1389
1400 1316 2435 1119 1087 4326
1402 145 1389 2450 1670 1896
1403 2943
1404 697 1779 1747 2171 5634 1100 1896
1405 880 423 1670
1406 3361 4303 3517
1407 3473 640 3361
1410 4184 1316 194 752
1413 318
1414 752 2809 2014
1415 4087 423 4184 2909
1416 423
1417 690 1896 2943 145
1418 3693 2040 423 1389 1642
1420 1424 5456 1642
1421 348 423 3036
1422 4184 423 1490 697 1264
1424 697 1642 2909 301 880
1425 4303
1427 3036 4256 3587 1368
1428 3078
1429 2224 4184
1430 4638 2014 423 1264 4416 3452 4326 3012
1431 880
1432 423 4416 640 3693
1433 1163 1711
1434 1578
1435 3055
1436 423 4256
1437 4184 3452 752
1438 3805 3473 2171 4821
1439 2014 3691 5619 423 234
1441 3473 3361
1442 3587 4184
1443 1670
1444 2543 736
1445 1368
1446 1896 6000 4354
1448 2962 736 4577 1550
1449 1398 736 4184 3473 234
1450 5044 3961 1550 4763
1451 4932 4948
1452 3369 5456 736 1979 1550
1453 4605
1454 1316 4184
1455 3473 4948 1550 690 1351 736 4605 5537
1456 5395 4605 5009 1019 4577
1457 423 6000 1642
1458 4184 3055 3078
1459 3036
1460 4763
1461 2488 5088 3961
1462 4416
1464 2187 4763 2809
1465 3961 1305 4763 3409 1896 1087 3258 3587 4416 182
1466 4577 4763 1896 5353
1467 1100 1711 3258
1469 2171
1470 1896 1163
1471 4763 423 3961
1473 3036 880 4184
1474 1550 4800 3961 2620 3473 4763 3258 1711
1475 3587 4605 423
1476 880 423
1477 4763
1478 3961
1480 3587
1481 348 423
1482 2245
1483 4800 1864 936 1697
1484 1300 1087 4605 2187 3473 2917 4446 3624 5823 2962 1100 1290 3968 3516 5088 3548 697 2171
1486 2543 5596 410 3258 5823
1487 3516 3473 234 5088 640
1489 1351
1490 2040
1491 423 2543 1896 697
1493 1911 697
1494 1896
1496 2943 234
1497 1911 163
1498 2943 1398 880 301 1264
1499 3051 3473
1500 2209 3961
1501 2017 3961 1896
1502 736
1504 423
1505 4184 3587 3961
1506 880 3258 6000 3624
1507 1642
1508 4605 1060 880
1509 3473 880
1510 1911
1511 1087 145
1512 1273 3961
1514 1896 4763
1515 1896 4416 4326
1516 1290 640 690 4605 2167 880 697 1550 1896 2059 342 2943
1520 1850 2488 423 2062
1521 4763 2943 3170
1522 350 4184 2943 2809 2877
1523 5596
1524 1414 5634
1525 4184 4416 3201 1050
1526 423
1527 3840 423 1697 3036 726 4763 1305 1550 690
1528 880 4605 5634 3840 4416 1896 1316 5456
1530 3840 3036 1087
1531 3078 1850 1896 1265 1911 2110 4416
1532 1290
1533 3473 163
1534 1896 1642 2795 1711 2062 1389 3968
1535 2909 1642
1536 4821 4605 5088
1537 1670 880
1538 441 2801 3961 3258 1911 4763 4303
1539 194 2171 1592
1541 4605 3587 4416 1896 3078 4931
1542 145 423 1896 640
1543 4763
1544 1550 4763 4303 3036
1545 1642 1896 6000
1548 1979 1290 1316
1550 1670 1711
1551 1896 736 1642
1552 4184 623 880 3961 4763
1554 1550 423
1556 6000 1290 1670 5578
1557 2780 1940 2224 187 1642
1558 1642
1559 2909 1979 5392
1560 1550 3473
1561 1642
1562 2543 880
1565 1896
1567 1732 1896 4416 748 4789 1368 6000 4184 690
1568 1896 2017 4416 6000 1210
1569 2909
1572 1896 1670 4416 6000
1573 1711 337
1574 2620
1575 2909 1642
1577 880 3258
1578 423 748 145
1579 3473 3078
1580 2017
1581 1550 4763 234 4303 1979 2962 736 1642
1582 5471
1583 234 640 441
1584 1264 1670
1585 4605 1550
1586 3369
1587 1670
1589 423 697 4124 2809 4763
1591 1940 1368 3361
1592 3049
1593 1264 1087
1594 1264 4184 1398 3473
1595 5088 1424 1018 1850 187 4416 2809
1596 2943 5331
1597 423 4184 3078
1598 1124 3473 4821
1599 423
1600 4300 4184
1603 880 4184 423 4326
1604 1850 1351 4605 1550 2110 1623 871 187 1019
1606 1578
1607 880
1608 3805 1697
1609 880 5468 1979 623
1610 1732 1087
1611 690 1642 736
1612 3310 2943 1623 3361 2780
1613 2780
1614 1747 194 3369 1896 6000 1670
1615 4167
1616 1140
1617 1896 5578
1618 880 423 1896 1018
1619 4416
1620 6000 1896 4416 690
1621 1896
1622 2105 2620
1623 6000 1896 1670 2245 1087 5634 697
1624 4416 1264
1625 1747
1627 4763 2110 4416 3357 1202 1210 3840 1836
1628 1490 4416 697 2224 2171 2187
1629 2488
1630 3036 3805 2620 2488
1632 2543 690 1896
1633 2620 182 3481
1634 3961 4763 423 5017
1636 1911 423
1637 640 1836
1638 145 187 1642 3369
1639 1697
1640 2167 4763 4416 2543
1641 1087
1642 1550 2840
1643 1896 4184
1644 1896
1645 5634
1646 1896 3961
1647 2819 2543 880
1648 1163 4303
1649 4416 1218 3150 527 2022 1264 5823 1009 2755 1112 1450 301 1850 1711
1650 1578 1550 5468 4605 3473
1651 1911 318 3052
1652 2022 194
1653 5537 1009 1711
1654 4638 1394
1656 3078 1368 1087 423 301 1264
1657 64 423 1100
1658 1811 1018 2909
1659 423
1660 1979 4184
1661 182 3473
1663 4124 5392 1578 1732 301 1642
1665 1896 3473 4416 4948 168 3123
1666 35 4083 4003 5954
1667 5327 423
1668 3840 423 35
1669 2488 348
1671 1642 1940
1672 35 1911
1673 5392
1674 163 3078 4303 4763 3473 3587
1675 148
1677 3310 880 1316 3650 697
1678 423 2909
1679 1389 4763 3361
1680 3123 1264
1681 4416 5946 5619
1682 1087 2062
1684 1087 3361 2809
1685 1264
1686 3587 5634 5954
1687 1316
1688 1911
1689 2780 4184 2917 3469 880
1690 4124 880 1264 1697 2593 2171 3473
1691 4184
1692 3587
1693 4326 880 3587
1694 2809 1264
1695 880
1699 3961
1700 2543
1702 1911 423 1670 1316
1703 4763 3587
1705 2450 3961
1706 5392 423 1578 1811
1707 1940 2780 5310 1711 2809
1708 880 4184
1709 697 880 1394
1710 752 1642 2488 1368
1711 1642 1623 1940 5596 4275 1062 5353 5456
1712 3650
1714 2062 1305 697
1715 1264 1316 3587 5634 423
1716 1100 1732 3473 4827 423
1717 423
1718 4303
1719 423
1720 1670 182 3587 423 6000
1721 4518
1722 697 1732 4827
1723 5471 1911 301
1724 623
1725 1316 1394 5240 423 697 3822
1726 6000 2450 1896
1727 1642 1316 4821
1728 1896
1729 2819 3968 5088 5634 6000 234 1896 697
1730 3805 1398 2171
1731 2909 423
1732 2909 423
1733 3258 301 1368 2909
1734 2909
1735 2909
1736 4763 2809 4184 3961
1737 4763
1738 423 2909
1739 2909
1740 2909
1741 880
1742 2909 423
1743 4605 4184
1744 1087 3361 1124
1745 1896
1748 3361
1749 3452
1750 3126
1752 880 1896 6000 2620
1753 1163
1754 2543 1732
1755 3078
1756 4184
1758 1670
1759 4763 1210 3473 3036 1911
1761 1864 530
1762 1529 880 6000 1446 1979 182
1765 1316
1766 4184 5310
1767 4167
1770 423 342 4184
1771 5331 1850 3361
1772 3473 3361
1773 1124 342
1774 2224
1779 1670
1781 1163 4763
1782 1014 1850
1784 1578
1787 4416 1747 2543 3369
1789 1124
1791 5331 3015 441
1792 3258 3961 3587
1793 423 5619
1794 1940
1795 1642 423 3693 2014 1957 4256
1796 3473
1797 4184 2943 5353
1799 4416
1801 4416 1264
1803 423
1804 423 1368 1578
1805 4385 2909 423
1806 2909 423
1807 423 1368 2909
1808 423 4518 4184 2909
1809 423
1810 423 2909
1811 2909
1812 2909
1814 1732
1815 5456
1817 1578 2014
1818 3587 4184
1819 697 880 1087
1820 752
1821 1578 423
1822 2014
1823 2171
1824 5392
1825 1578
1826 1642 182 2503
1827 3258 880 1711 423
1829 2809
1831 4184
1832 301 4827
1833 4591 1697
1834 4124 2171
1835 423
1836 1316 423
1837 2809 1087
1838 1642
1839 1979
1840 2245 4577 1550
1841 1050 530 2593 4275 1100 2780 2809
1842 4763 234 187
1843 1264
1845 3693
1846 2846 3587
1847 4124 1316 880
1848 3587 3036
1849 880 2194 3452 1940 5596 2593 1264
1850 2943 880 1559 1087 2780 1264 4303 1009 1716
1851 3693 1305 342 1697
1852 3409 4416 2171
1853 2450
1854 423
1856 4184
1857 3961 3036
1858 880
1859 1264
1860 461 2014
1861 4763 1087
1862 1264
1863 1642 1747 423
1865 423
1866 4645 1389
1867 1979 423 4303 880
1868 423
1869 880 2014 4184
1870 4184 1316 3961
1872 1305
1874 1305 5331 1394 1850 1398
1875 4645
1877 752 3015 5578 1087
1881 2187
1882 1711 4382 880 5578 3049 1264 3078 2909 2488
1883 4275 4303 1864
1884 3217
1885 1394 3469 4275 1850
1886 423 4416
1888 1351 5456
1889 1642 4184 5619
1891 2943 4184
1892 1490 1368
1894 423 1578 1450 1642
1896 2062
1897 2543 2241 4763 2962
1898 697 2105 421
1899 4124 2809 1264
1900 1911 5088
1901 5456 4598 4184
1902 234
1903 2171
1904 1316
1905 423
1906 5634 4184 3693
1907 2171 1896 4821
1909 4184
1910 1305
1911 1642 1896 234
1912 2909
1913 2543 5392
1915 736 4763 4354
1916 697
1919 342 4475 423 1642 4518
1921 1019 1559
1922 1264 1087
1923 5088 880
1924 1578
1925 2780 1087 2104
1926 423 1264
1927 1290 2795
1928 2105 3078 4821
1929 441 5596 2809 3980 1398 3473 2917 880 4303 1711 5331 1009 1864 2488
1930 1957
1933 3469 1202 1305 527 234
1934 5578 1911 6000
1935 1087 1264
1937 2171
1938 342
1939 1394
1943 1711 4184 1610 1264 4416
1945 2187
1947 4518
1948 5456 423
1949 234 1979 929 1642
1950 1305 880 5456
1951 3473 5392
1953 4416
1954 1642 1450
1955 1896 3473 4326
1956 6000 4763 1550
1957 3689 2917 3283
1959 1264 5578 1087
1961 1642
1962 4416
1964 709 3822 1864
1965 4821
1966 4789 3078
1968 1446 423
1969 1446
1970 423 1957
1971 194 4638 1394
1972 5634 2435
1973 5537
1974 2187
1975 1264 4184 1394
1976 1351 880 929
1977 423 3691 4821 1747
1978 172 1979
1979 1864 1697
1980 1896 4605
1981 423
1982 2909
1984 423
1985 5392 4303
1986 3805 2909
1987 2909 423 3805
1988 1670 880
1989 752 423 103 880 1394
1991 2435 1670 423
1992 2224 2171 1264 423
1993 3693 423 4124
1994 1368
1996 2224 1697 690 1896
1997 2450 697 4948
1999 5392 4541 1864 4645 1018 5823 1305 1264 2917
2000 4303 1850 1398
2004 1911 441 4605 4821 2022 1711
2006 880 423
2008 4184 1642 423
2009 423 880
2010 880 3036
2011 4303 697 5357 1697 3389 709 4541 691
2012 1264 880
2013 1264 1394
2018 709 1264 1050
2019 4184
2020 5353 5468 2840 4416 3473 1896
2021 1087 2543
2022 3686 1670
2024 1896
2026 4763 2245 342 5353 623 5634
2027 697 4605
2029 4416 1896
2030 1351 5823 2209 1394 2171 1163 3369 441 3052
2032 423
2033 736 5392 2167
2034 530 4275 5596 1957 1264 3968 1850 1940
2035 4303
2036 1775 2488 4303 2593 187 5380
2037 301 1775 4040 1398
2038 3790
2039 1559 410 2593 4184 1940 1050
2040 3052 309 1864 5578
2041 1732 3805 4303 752 2909
2042 2450 4275 3646 410 1264 3421 1864 1957
2043 6000 3961
2044 3961 4763
2045 1316
2046 1697
2047 1896 1670
2048 3473 145 3840
2049 4763 423
2050 4303 1009 2450
2052 1163 880 410
2055 423
2056 423 2040
2057 4416
2058 5331 3980 1979
2060 1305 880
2061 1087 1940
2062 1087 2488 194
2064 342
2066 342
2068 1670
2070 1388 1940 4416 1398 2917 2022 301 3501 1697 1446 3588 1529 1305 3126 1018 1300 1290 1911 1351 5634
2072 4475
2073 3587
2074 3840 2543 163 1896
2076 3693 880
2077 423 1940
2078 2017 423
2079 1305 1642 4184 423
2080 929
2082 2171 1670 1446 5578
2085 2017 1979
2086 5946
2089 1896 4763 2819 3587
2090 1896 2017 4416 6000 194 5471 3078 1642
2095 2014
2096 1896 1018 4416 1670 4763
2097 1087 423 6000
2098 1087 4416 1316
2099 1896 423
2103 2171
2104 1100
2105 1642
2107 1711 1896
2109 6000
2110 423 2171 2620
2111 623 3840
2113 441 1550 3693
2114 1940 697
2115 1264 1389 2105
2117 3078
2118 2171
2119 1264 1642 1394
2120 3150
2121 5721 3036 1264
2122 3452
2124 1087 1305
2125 880
2128 1779 2962 3961 4763
2129 1896
2130 1896
2131 1896
2132 1911
2133 3790 1264 1087 2943 4416
2134 4303
2135 182 1087 3258
2136 5088 1732
2137 423
2138 1424 3452 880 2909 1446 1711
2139 1711 2943 2040 1940
2140 4303
2141 4184
2145 423 4577
2147 1446 880
2148 3805
2150 423
2151 3036
2152 2543
2154 423
2156 423
2159 5392
2160 1592
2162 194
2163 1264 1087
2165 880 4763
2166 4385
2167 4167
2168 1087 5578
2170 3473
2171 4184
2174 2194
2176 880
2179 752 4763
2180 4184
2181 1087
2183 3473
2184 4124 1119
2185 2846 2943
2187 2809
2188 4763 1119
2190 4167 187 3452
2192 1775
2193 4184
2194 2209 2543 3473 3369 318 4416 4475 5456
2195 103 880
2196 3369 690
2199 1697
2202 3473 2640 4416 690 1732 2245
2203 3961 2062
2205 2943
2207 1896 1087 2543 4840 423 182
2211 4763 697 194 5468 4541
2212 1273 623 2780
2213 4416 5456 6000 1896
2216 159 4300 2488 4761 5872
2218 1911 1009 1087 1305 410 1711 880
2220 3049 1087
2221 309 1264 3646 5946 1864
2222 2488 1398 1957 5009 1850 5596 2104 3646
2223 752 5203 3310
2226 4416
2227 5456
2230 187 145
2232 4416
2234 2543 4948 1670
2235 2187 2171
2239 4518 2909 423
2241 4303 423
2243 632 1642 4416
2244 2167
2245 936
2246 4416 1316 5088
2247 3078 5634 5456 3473
2248 690
2249 1264 1087
2250 1864
2251 1087 3790 1140
2252 1732 4184
2253 1578
2254 309 5203 1087 1050
2256 1264
2258 4167
2259 3258
2260 1864 1087 4184
2261 1264 5578
2263 4275
2264 4184 1711 839 1559 1864 2831
2265 3840
2267 309 4382 2909
2268 423 4385 2171 3693
2270 5392
2271 3587 1779 423
2274 1940
2275 423
2277 2909 423 880
2278 1979 1264 3036 1087
2280 1670
2281 1836 3369
2284 342 3126
2285 1670 2543
2289 4763 640
2290 3686
2292 1670 3961
2296 3460 4184 1864 3421 5810 200
2297 423
2299 423
2300 1670
2301 3283 880 3150
2304 3078 5357 2118
2305 2171 6000 1896 3840 103
2306 103
2308 1087
2309 423
2311 3587
2312 1747 1550
2313 2194
2315 1979 3473
2316 5634
2317 4184 6000 1316
2318 1389 1697 1711 5456 2167 5634
2319 5392
2320 4416 1351 1911
2322 1550
2323 1264 2105
2324 4645 1942 936
2325 3961
2326 4167 5331
2327 4518 423
2328 423 1450 4821 1316
2330 423
2332 4303 1642
2336 880
2339 880
2340 423
2341 182 5240
2342 423
2343 2943
2344 4303
2346 4303
2347 4184 1896
2348 1670
2351 423 880 2909
2352 1087 423 880
2353 697 194 880
2354 1642 423
2355 5634
2357 301 2909 423
2359 1421
2360 1732 423
2362 2909 1087
2364 194 423
2365 3036 423
2366 423
2367 880
2368 752 2152 410 1811 1559 3961 437
2369 301 1087
2370 2909 423
2374 423 1940
2375 3473
2377 5823 1550 4416
2379 4184
2380 1670 1264 423
2383 5634 5456
2384 423
2385 423
2387 1896
2390 5634 1896
2391 1529 6000 1979 2943 2171 1305
2392 3431 4256
2394 1642 423
2396 3587
2398 2224 3587
2399 1896 4763 4821 1911 1747 2375
2400 423
2402 1747 1264 4184
2403 1009
2404 2543 1896 4763 6000
2406 4303
2408 1957
2409 1100 423
2411 2040 4416
2414 1911 4475
2416 623 1087 2543
2417 2917 3969
2418 623 1697
2419 194 1201 1450
2421 3691 1578 5456
2422 5634 1732 5456
2423 2778 3646 2270 5491
2424 1450 1979 3473
2426 1087 5468 1864 2231 4167
2427 530 880 5009
2429 1087
2433 2209
2435 3646 4167
2438 4124 423
2439 4184 423
2440 3078
2442 1911
2445 194 130 1019 1550
2446 3473 234 2543 1087 1351
2447 5829 4416 4275 1202
2448 2171 1420
2452 2171 3473
2453 1911
2454 1836 3473 1732
2455 623
2456 5954 1087
2457 2917 4416
2458 1896
2460 623 3227
2463 1836
2465 1368
2467 4763 2110 4645
2468 1864
2469 4167
2470 1864 4416 5810
2471 1642
2472 3049
2476 1896 4763 2543
2478 1087
2479 194
2480 1957
2482 4416 3840 2543
2485 1351
2489 697
2490 1911 1529 1940
2491 234
2493 182 4821
2494 2245 1896 4416
2495 1087
2496 1389
2497 5468
2498 3501
2500 1732
2501 423
2502 2897 1351
2503 1578
2505 3961
2506 2801 168 2640 2626 1014 4083 1273 1316 423 1450 3587 1711 1850 1896 1940
2507 2014
2509 2014
2511 423
2512 423
2516 3587 423
2517 880
2518 2640 423 1394 4821 3469 3473
2519 623 4763 4303 187
2520 1747 4326 2755
2521 880
2522 1394 1578 1124 301
2523 1642
2524 3961
2525 1264
2526 4167 1087
2527 301
2528 1450 1424
2530 1284
2531 1732
2532 301 5687 1850
2533 1732
2534 929
2535 2171 3686
2536 1670 1896 4416
2538 1709 3409 2967 1112 2840 5456 880
2541 1711 1732 1850
2543 690 3078 4605
2544 2858
2546 1896
2548 2917 3078 1697
2549 2450 4275 4003 1864
2550 1864 1264 3310 2917 697
2551 1550
2552 410
2553 2171
2554 3258 481 1424 3501
2555 1732
2557 1424
2562 1264 1163 2040 1424 3361
2564 2543
2566 159 880 4416 2171 2778 4184 1388
2569 3078 1290 1351
2571 234
2572 2040
2574 1087
2575 1305
2576 1019
2577 5578 1896
2578 5456
2580 1087
2582 3283
2583 3473
2584 1398 1351
2585 5327 3473
2587 2187
2590 423
2591 1896
2592 3369 1896 2543 423
2593 1019
2597 2840
2598 1697
2600 1711 423 1896
2606 4124 1124
2608 194 423
2611 880
2612 3473 2040
2613 423
2615 1732 1264 1398 3452 1087
2618 423 880 4184
2621 423
2622 423
2623 1087 194
2625 640 1087 4385 163
2626 1850
2627 4167 4184
2628 4167 423
2630 2450
2634 880
2635 5490 2809 5456 1979
2636 2909 1316 4821 301 423
2638 423
2639 1066 1732
2645 1747 423
2646 5456
2647 1670
2648 1911 1087
2649 1957
2650 1087
2652 4303
2653 1087
2654 194
2655 2543
2656 1019 194
2657 4275
2658 3938
2659 3473
2660 3473 5331
2662 1747
2665 1732 423 1896
2666 1697
2667 1732 3126
2668 2171 3078
2670 1747
2671 3452
2675 748
2676 1550 3481
2678 632
2679 697
2680 880 1550 1265 4275 5411 1284 709 1596 3501 794 194 2375 1163 1732 1202
2681 1273 2209
2683 1124
2684 1896 690
2687 1050
2688 1351
2689 1264 2105
2691 1896
2692 1732
2693 3961 2831
2694 1087
2695 1009
2696 3473
2697 1009 1670
2698 1019 1911
2699 4167
2700 1711 1697
2701 751 1732
2703 1087 5456 1316
2705 3036 4184
2706 2209
2707 3587 423
2708 6000
2710 1087
2711 182
2712 182
2713 1940
2716 194
2717 1424
2721 880 4416
2724 5327
2726 234 1050
2733 423
2736 1592 1163
2737 4416 530
2738 4303
2743 194
2745 3587
2747 5392
2748 1642
2752 3790 1864 2809 3452 2943
2754 1424
2755 1940 1316 1732
2756 423
2757 423
2759 3078
2761 3258
2762 3693
2763 5954 929 4184
2767 1450
2772 4303 4541 1979 1424
2774 194
2777 194 1697
2781 5835
2783 5392 5456
2785 4124
2788 2909
2790 423
2791 348
2793 423
2795 5578
2797 2014
2798 697
2801 2014 2104 1087 3258
2804 1940 4184
2807 1100
2808 1968
2810 2167
2812 423
2817 1264
2818 2014
2823 423
2824 4184
2826 423
2828 3587
2832 2543
2833 423
2834 3078
2835 2014
2836 4184
2837 1450
2841 1670 4416
2843 1747 4184 1979
2845 1642 880
2846 4416 2171 2831
2849 423 1732 5331
2851 1968
2857 2187 2171
2858 1420
2859 1732
2862 1273
2863 234
2864 1670 1896
2867 2224 423
2870 1940 1050 1305 4303 709
2872 751
2873 5331 3517 3516
2874 2187
2879 3693
2882 623
2883 423
2884 3961
2886 3587
2887 423 2909
2889 4184 423 2909 880 301
2892 1670 1550
2893 423
2898 752 2014
2900 423
2901 3452
2903 423
2904 423 2909
2906 423
2910 4303
2913 2909 423
2915 2543
2917 2909 4518 1394 423
2918 1732
2919 2909
2922 1670
2925 1747
2929 3686
2930 2809
2938 423
2939 1124
2941 2909
2943 1911
2944 3587
2945 2014 880 4124
2947 5456
2948 2014
2951 3686
2953 4416 2543 1351 6000 3369 1896
2957 4416
2958 2224
2959 1368 697
2962 4184
2964 1087
2968 4416
2969 3587 318
2970 5578
2971 5088
2972 423 6000
2978 3078
2979 1264
2980 1050 1864
2984 1424
2985 2014
2987 5619 1911
2988 1163
2992 4275
2994 3258 1163
2995 1747
2996 2450 3452
2998 5392
2999 1264
3000 1163
3001 423
3006 4821 697
3009 4167
3011 3473
3013 2187 2171
3018 5468
3020 4184
3022 4184
3023 5456
3025 1351
3035 1112
3037 1670
3040 1979 3516 3517
3043 2017
3047 423
3049 423
3051 423 5578 4256
3052 423
3054 423
3055 423 4184
3056 423 1642
3057 1394 3822
3059 1264
3061 441
3062 3310 1864
3063 3481
3066 1732
3069 880
3080 3011
3084 1112 1264
3086 1670 4416
3087 4167
3100 1368
3101 3961
3102 3036
3113 1670
3116 1112
3125 880
3127 1305
3128 4416 1896
3132 1210 1351 3283 5456
3140 5456 5279 4303
3142 2543 1732
3143 1163 2187
3145 3805
3148 3310
3149 3693
3151 1163 4167 1087
3153 1087
3155 1911
3161 2224 697
3162 2809
3163 5331
3167 748
3177 5331
3178 4416
3192 1697
3196 1940
3197 1670
3204 880
3209 4827
3210 1163
3212 1351
3215 2909
3218 1940
3221 4416
3225 2543
3226 1747
3228 1163
3236 1087
3242 2543 2943
3256 1896
3258 5331 3650