0 5680 1141 2450 2765
2 1354 4999 1124 1450 5648
3 5648 883 3111 794 1120 284 3366 1732
4 5047 4230 4638 2352 5721 4636
5 1911 3366 5648 4999
6 1116 1716 4487 4938 183 1087 1997 5263
7 5785 2375 2904 4487 1732
8 4938 1164 4999 1100 1450
9 4487 1100 1924 3864 4638 1560
10 453 5275 1424 5994 5310 4124 2904 2189
11 4999 423
12 4938 1424 342 4999
13 5994 2189 348 2904 3053 4487 3518 1305 2238
14 2194 4124 4999 623 2352 2375 5392 5994
15 1732 3053 1277 1112 2904 5994 342 1911
16 2904 5994
17 5392 2846 677
18 1163
19 453 2904 5320 4865 342 1124 4999 1163 4938
20 191 5320 348 3011 2352 5680
21 2014
22 5456 1747 453 1924 4938 1732 3138 3366
23 3864 2238 4487 1924 1732 1560 348
24 2189 5619 5061 4938 1120 2484
25 4695 1598
26 2352 3366 4829 1347 1424 4999 1747 453
27 5680 145 2189 1120 3990
29 1148 5785 1732
30 1300 1124 2904
31 1560 2484 2488 1811 2352
32 453 4695 2904
33 2846 2904 4999 5680 677
34 2904
35 168 1716 2076 5994 1100 2904
36 1732 5634 1163
37 2809 4999 4695
38 3201 284 342 5061 4230 766 3518 1997
39 5680 5275 1911 883 1305 4124 1424 1981 5088
40 192 3560
41 3983 5578 4938 5680 3009 3369 2484 4829 1316
42 145 4184 423 3369
43 1446 1777 3560 5052 1981 4487 3299 4230 3502 5088
44 5456 3009 1997 2909 3138 2076 2917 64
45 4638 284 2904 3361 4938 2352 453 3053 4999 5061
46 1300 453 4999 4938
47 1911 4638 2352 2840 2488
48 3450 1560 1997 172 1148 1924 3366 883
49 423 2904 4999
50 1981 1732 4230 2484 1644 453 2877 5652 2904 4800 2352 3822
51 1560 2809 5680 1255 1811
52 1163 4829 1100 3369
53 1120
54 1354 5994 4637 192 423 4938 5619 2352 1911 182 5170 1747
55 1450 1120 1732
56 1646 4040 1163 182
57 1300 4636 3518
58 2352 1981 3990 5052 3138 2484 2543
59 1997 5320 1163 3990 4938 2352 4829
60 2904 2238 64 2897 4999 4056 2917 709 1450 2076 407 2909 1347 1210 1087 3222 1957 2113 1394 5456 5357
61 5095 172 423
62 4230 766 183 3009 2076 407 453 5680
63 1210 936 623 1747 2375 182
64 1255 5279 2076 2909 64 2967 2019 5456 2917 5468
65 1646 5680 4115
66 1646
67 1997 2014 192 5486
68 4230 2270 3961 2917 1811 3361 3502 3299 5047 1499 453 4636 5648 1141 5680
69 4115 2379 1646 2167
70 194 5785
71 194
72 1646
73 1924
75 5047 1911 2543 5275
76 1450 172 1911
77 1924 910 407
78 3361 2394 766 2189 3366 5170
79 2809 1911 1646 348
80 5652 3961 5098 1120
81 3369 5994 1777 4938
82 1979 423 1424 1245 4999 5392 1911
83 1120 2543 5994 910 3990 2943
84 5578 1997 3053 4827 453
85 1646 1981 284 766
86 4636 348
87 1979 1316 4800
88 3502 1305 4577 1120 5486 4230 407 5537 5047 3961
89 4999 2352 4938 1300 4829
90 4124 766
92 1124 2352 3408 5634 883 3366 5052 453 5456 1277
93 5170
94 4040 4230
95 5680 1163
96 5648 1560 1163 3366 1981 1424 3009 4865
97 4636 453 1163 3009 1732 2904 1911 3366 1981 2375
98 423 5648 5052 5680 3156
99 2450 1924
100 1911
101 2488 1997 4999
102 1911
103 1120
104 3990 5486 1201 3138 3410 3864 5680 1732
105 3590 4938 5486 1148 1277 1560 1450 1420 4487
106 1120 4829 4999
107 348 1424 1779
108 3369 1560 4829
109 5047 192 4999
110 3990 3361
111 3864 5275 4938
112 3009 3369 145 5994 3366
113 3366 5680 1732 3410 3009 1911 2904 453 1163
114 5829 1646
115 1354 4938 3138 3961 5385
116 4999 1354 3201 5088 407 453 1924 5170 4487 5680 182
117 3111 348 453 766
118 4999
119 3111 1245 5652
120 1981 2543 1646 3410 5170 5392 766
121 4829 1087
122 348 1446 1924
123 1560 3990 1924 4124 342
124 2967 2909 5648 2070 1732 2917 3009
125 2543 5680 5320 1646 1305
126 2375 5052 1646 2543
127 4115 4938
128 1124 3366 4487 766
129 1779 1245 3822 1163 1305 5994 5047 4769 423 3138
130 1646 4115
131 5170
132 5648 1924 3009 1163 3104 5170 1560 453
134 4115 4230 4638 3299 5785 1354
135 623 3469 2488
136 1911 1450 4310 3052 1255
137 2352 348 5310 145
138 5994 1911 1646
139 4636 2765 1124 677 1911
140 5648 3138 2352 1911
141 4115 4695 1163 1424
142 1163 3369 1911
143 4829
144 1646
145 5652 1163 3560
146 1981 2543 348
147 1732 1555 4636 1924
148 2543 5652
149 192 4487 677 1981 4115 1120 5680
150 2352 766 5680 1087 194 1201 1911 5170 1646
151 407 453 766 3366 1163
152 2352 4938 1911 1316
153 1354 4829 3517 2450 4999 4938
155 284 453 5648 5170 5680 2543
156 3366 145 4999 5320 407 1911 4829
157 5392
158 4938
159 5486 1560 3961 1424
160 145 2076 182 1265 2904 5170
162 4821 5634 1779
163 1120 1981 1100 2076
164 5994 284 2352 4938 2375 1120 5047 192 1644 5680 3560 883 1424
166 2543 1924 1450 145
167 1148 1598 2352 192 423 4487 1120 5680 5456
168 4999 3053 4938 1255 3369 5456 2904
169 4938
170 1979 4821 1560 1354 4938 423 1424 1087 1446
171 453 1305 1124 5456 4598 145 1120 4999 3990 1420
172 1911
173 3502 1120 1997 1644 1018 2076 3938
174 4487 2488 1354 2014 647 1560
175 5648 5994 4636 284
176 4638 3138 1560 453 1646 5456 1163 5648
177 191 2904 1100 1300 4638 1163 4938
178 5680 2189 1100 1644
179 2076 1646 3009 453
180 5680 2189
181 4275 5680 1646
182 5680 2904 1305 1100
183 4487 5275 1732 5994 2904 3138 192
184 1560 3864 4230 3822 5357 2352
185 2809 1201
186 3369 3361 2450 4638 1424 2238 407 5392
187 3138 5829 5648
188 2543 1050 3156
189 4637 4783 183 4230 5721 168 2904 284 2375 2640
191 1646 1981 5829
192 1732
193 5680 5994 1646 2543
194 2352 3961 1732 2375 1100 5680
195 1924 4636 5680 766 1981
196 453 2904 1911 3009 5994 2543
197 1911 952
198 3138 5994 348 5275 3369 453 3111 4938 2904 145
199 2488 2917 5329 4487 4938 952 2175
200 5680 1450 3138 3369 5994
201 1210
202 3053 145 2543 2943 194 4638 1119 5680 1646
203 5648 4638 1087 5994 5275 623 3361 5392
204 766 126 4087 2352 1911 1112
205 2238 5680 2450 407 3138 1316 3369
206 1911 2189 2906 4638 3361 5785 5994
207 4999 2904 4938 4695 4638
209 3009 1732 4859 3366 4638 5680 126 2904 1911 2917 5648 751
210 4577 5095 1811 3283 1163 3366 1981
211 4087 5829
212 5392 4938 4184
213 3366 4487 1911 1732 5680 1424 1924
214 3053 5680 5721 1911 423 766 183 453 182 4638 2543
215 3961 5994 952 4487
216 3369
217 4476 423 1163 3015 4636 1124 3366
218 5619 453 4230 4638 3369 5578
219 2352 4999 4821 4230 3138
220 3009 1273 1924
221 1598 3560 5680
222 2352 2543 1646
223 3299 1424
225 3518 1424
226 1732 5047 1163 5687 4184 2189
229 2819
230 4999
231 5275 3299 1911 1120 4637
232 1560 192 1979 1120
233 1163
234 1163 4938
235 3138 4184
236 194 172 5052 2488 2175 2352 1924
237 1779 3502 4638 5680 3009 4230 2076 1424
238 4999 1120 2352 145 2543
239 3822
240 1646 1560 5486
241 2014
242 1811 4800 4124 1732 3366 1940 1981
243 3518 5687 5680
244 192 883 3864 4938 2189 1164 453 1560
246 1124 5486 3502 3366 1255 1560
247 1163
248 3369
249 5300 623 1163
250 423
251 2543 342 423 453
252 1120 2543 145 910
253 1255
255 1424 4040 1747 1163
256 2189 192 5047
257 5486 1953 192
258 1450 1424 1446 4769 3257 1924
259 1450 3009 145 3257 4840 5785 1255 453 284 183 1775 5870 182 2361 3201 1981
260 2859 5456 1087
261 3310
262 4487
263 3299 691 2543 2076 4999 2352
264 751 2543 2809 5170 284 5680 1924 4999
265 1163 3310
266 4999
267 4115 5680 1924 2484
268 3053 2909 883
270 4275
271 1499 1560
272 1018 5170 5652 1120 145
273 4487 1732 453 4230 2352 3053
274 1100 3990 1300 1646
275 2394 5785
276 1732 4938 5392
277 4938 1732 3864 2543 5486 3009 2904 2917 1290
278 1499
279 2352 2484 3299
280 5047 2352 1732 1305 5680 1120
281 1163 1018
282 3156 4938 5785
283 2189 2375 4999 2543 5275 5634
284 3691 2488 1560 145
287 1646 1555 3369
288 2238 407 423 3049 1245 3009
289 1163
290 5994 4638 1120 453 3961 3361 2352 1560 5456 5154 1163
291 4948 1163 1305 4230 145 1100
292 4769 2238 3361 1450 407
293 5634 1424 4310 1245 3990 5680
294 4938 2543 936 182
298 4938
299 145
300 4938 2194
301 1732
303 1120
305 1924 4115 1446 4230 5486 766 1732 5047
306 2859 1163 1424 883 1120
307 4115
308 2352 3299
311 2352 2246 5648 2543 3369 4230
312 3009 2352 5486 5680 1911 910 1120 1957
313 1446 1732 423 4115
314 1163
315 5721 1732 2352 2238 5275 3518 5994
316 5687 1163 4938 1100 1981 2189
317 2167 2897 4487 5310 883 1732 5052 3369 5680 1424 4636 2484
319 1424 145 5680 1646 4115 5275 423
321 1202 3450 4487 4783 194 1354 1347 1255 182
322 1087 1560 1018 5320 766 2543
323 2904 407
324 1163
325 2189 3369 3053 5648 1732
326 5047 1924 348 1646 5680 2014
327 3299
328 1163
329 1670
330 1163 4829
331 5954 4999 2352
332 2271 1646 2352 1421 1120 1124 5680 2246 5052
334 1732 3299
335 4124 1523 348 1450 1981 4638 453 3469
336 1255 3560 4859 1981 1087 191 1732 4638 3990
337 5088 1560 423 1120 4829
338 5648 5052 1100
339 3310 1911 1163 2014 3961
340 5680 766 3518 2488
342 1163 4821 4938 3691 5047 1120
343 5829 4800 3864
344 1911
345 5946
346 1911
347 5652
348 5170 1450
349 5680 4999 3518 1997 4832
350 1732 3369 647 3450
351 1305 5392 1120
352 1779 453 1100 4636 1087 1646 794 1523 2379 3864 1141 348 1124 2450 2352
353 4829 4999
354 453 1120
355 1646 1911 4938
356 709
358 4999 1305 3961 1560 1911 1087
359 3299
360 1087 1424 3299
361 4938 1911 1163 4577
363 3049
364 1450 2543 1732 1264 453 3009 3502 4999
366 4938
368 1646 3560
369 4865 4999
371 1911 1646 1120 1163
372 1911 1163 5486 1087 1446
374 1087 5994 4636 1924
375 1779 2238 4638 3366 4999 1732
376 4999 1747 1940 423 1163 2904 3009
377 4865
378 1120
379 647
380 1424 3222 3518 3299 3408
381 5275 883 3502 2904 5785
382 284 4938 4999
383 1120 5537 423 1124
385 4999 2450 4938 2543 145 1924
386 1100 4638 3009 4938
387 709 3517 1245 2543 5680 1775 1300 2118
388 5994 4695 4999
389 4999 4695 5994
390 4638 4695 4636 1560 2904 4999
392 3369 5994 5456 2904
393 3961
394 2014 1911
395 4999
396 1777 2352 2189 1124 3009 4865 1911 4938 4087 1120 3053 145
397 2014 952
399 4999 1911
400 2943 1120 5680 5468 5829 4999
401 5680 1981 4938
402 4999
403 4938 1087
405 1305
406 5680 3961 2840 3222 1981 5994 3518 4487 2070 4230 183
407 2014 3961
408 4999
409 1924 5648 4829
411 1560 4948
412 1163
414 1924 1354 1424 1420 4938
415 1446 194 1450 2352
416 1450 1120 3961 1446 4999
417 1911 145 5300 1354 4999
418 453
419 2375 2809 4938 5634 4999
420 2488 1924 1354 1277 3053 4487 677 3864 1420 2765 1245
421 1273 1911 5537
423 3369 1305 4999 2484
424 453 4938
425 145 1911
426 1100 2375 3053 4999
428 3990 126 4938 453 4999
429 1087 2076 2809 3310
431 883 5648 1924 5578 1732 3369
432 5320 3560 2543 145 2904 348
433 1911 5047 766 2352 5170
434 5310 3961 677 2076 2967 845 2877 883
435 3299 4829 2840 423 1009
437 1351 1596 2352 936 1354 5263 3408 348 5680 1424 623 192 3201 1120 1747 4948 2906 4637 183 4230 1850 4636 182 4638 3421 5870 5170 3366 2361 3450 1446 1100
438 5486 5680 1670 4829 4938 284 1560
439 1120 348 3410 5680 5634 2352 1163 3138 1087
440 1112 2904
443 4275 2076
444 5357 4829 1124 1120
445 3222 1087
446 5680 3410
447 3961 1087 5310 1747
448 423 4999 1911
449 1646
450 5537 1957
452 5721 2375 4577 751 1245 5785 1087
453 5385 3961 423
454 2867 5320 1009 5275 5009 3560 3299
455 1779
456 5680 1981
457 1424 423
459 2352
460 1163 4769 3560 5680
461 766 1277 5680
462 2189 4999
463 1646
464 4638 5680 1100 3052 936 2167 4999 145 3111 4230 5785
465 2352 4938 766 1087 4115 1124 1163
466 1911 5537 1732 2484
467 1732 1180 1100 1112 623 5009 453
468 2543
469 5088
470 936 1120 5555 145 1924 5785 1732 4637 354 3410 1850 2543 4230 5870 284 5680 3052 1560 348
472 1646 4999
474 1911 1424 1087 5456 3138
475 1163 4999 1646 4184 5310
477 5088 1163
478 1120 5047 423
479 5680 1911 5088 3517
480 5680 5829
481 1120 1924 2352
482 5052 1924 2189 3560 1305 1424
483 5680 2352
484 5680 5829 910 1120 1018 1911
486 2352 126 1255 2076 1911
487 2352 5680 4829
488 453 5310 5047
489 2967 5310 623
490 1911
491 1245 1424 5680 4938
493 2917
495 2543 1124 4999 407 5170
496 4999
497 4948
498 4999
499 1732 5652 5680 4638 423 4840 5240 4124 1120
500 751 2858 4487 4230 2238 3299 1420 4769
501 2352 1646 194
502 1560 2858 1120
503 4821 4115
504 4999 5680 1120 1087 1924
505 1163 4638
506 5095 5680 1911 4487 4769 1981 3560 1646
508 1100 2352
509 3502 1560 1981 1732 423 1424 1163 5047 5680
510 1141 4230 5263 1560 3222 1120 1163 182 2375 3961
511 1646 1957 3310 4577 5680
512 5680 2352 4115
513 3138
514 4087 2375 1450 4999
515 1644 2375 1732 5680 2352 1811 4637 4577 4230 2238
516 5680 5357 3283
517 2877 1120 1100 5648 441 3961 766 3560 337 284 1560 1777 4636 5680
518 3138 1560 1911 3990
519 4230 1850 794 1245 5680 2121 3299 284
520 1420 4769 5680 5047 407
521 348 4636 5994 1100 5320 453
522 5994 453 348 5680
523 4938 1300 2488
524 1300 342 3299 4859 1420 1981 2484 5680 1120
525 192 1120 2014 5047 3408 4487
526 3518 5680 1245
527 1180 1163
528 1981 2543
529 1163 348 1255 2809 1997
530 5634 4275 5680 2352 1120
531 5652 5680 1499 3310 4230 5648
532 4487 1981 766 1811 5994 2375 936 5680 2104 4115 5098 5310 1100
533 3502 1218 5680 3156 1911 4115
534 4087 5537 1305 5994 1120 1163 3990
535 1148 5785 4638 3009
536 3560 1924 5680 1911
537 5994 4829 1981 453 4124 5275
538 145 1163 1300 3009
540 4832 5047 1120
541 766 453 2543 5300 1911 3560 1245 3518
542 4577 453 1424 145 4487 1163 1305
544 5009 5680 2121 4310 766 3138
545 4577 5829 5648 1245 766 3961 5680 1305 1120 1981 5456
546 4821 3864 1924
547 1450 3053 1245 2375 453 4999 4487 4814
548 2809 4999 5680
550 5680 2394
551 4999
552 4938
553 5275 4999 4475 182
555 4115 1732 5098 168 4087 423 2543 5648 1300 145 1924
556 1646
557 4999 1777 1646
558 4636
559 623 4487 1421 126 4638 2503 1255 1087 1560 1732 5170
560 5392 3369 1997
561 1646 495 1120
562 5047 1911 192
563 3646 5721
565 677 348 5357 1732 5648
566 3560 1120 3111 5648 2904 3015 2375 5680
567 2189 4636
570 4821 4829
571 1646 3990 4999 1670
572 4999
573 3138 4087 5320 4999 2194 5052
575 4124 1300 1646 4087
576 4938 1120 4999
577 453
579 5170
580 1450 4938
581 1981 1305
582 1265 1300 5829
583 3990
584 4184 2484 883 453 3111 4938 4999
585 1942 342 1255 1245 1911
586 2543 3009 2194 3369 2904 4638 4948 1942
587 3111 3361 4938 3138 5468 4636 1942 2543 5275 4638
588 2765 5392
589 1911
590 2076 423 1646 1120
591 453 1644 1424 3009 3369
592 5634 1732
593 2352 5578 910 3990 5680 4829 1120 1163
594 2543 3053 2352
595 2943 1316
596 4999 1087 1300 4938 1560
597 4487 5994 3357 4938 5680 1100 2488
599 5652
600 3015 284 5648 1924 191 1578 4938
601 1450
603 4999 3053 1300 4087 5320 1424
604 4938 1424
605 2943 4865 423 751
606 5680 2904
607 2076 1646
608 4087 4695 4999
609 4999 453 3138 1911 1300 4695 677
610 910 952 1911
611 2014 3009 2488 194 4829 4938
612 4124 4938 4999 1300
613 5648 3138 1924
614 5994 453
615 1421 2543
616 1424 1163
617 5648 5047 348 2076 4938
618 1732 4577 5392 5680
619 2858 2943 423
620 5392 3961 1087
621 1646
622 4999 4638
623 677 4645 407 348
624 4938 1316
625 2765 4938 2189 5994 2375 1316 2904
627 1646 3560
628 4999 1940 2014
629 284 1924 1911 1255 194 1997 3009 2488
630 4938 423 2543 5392
631 623 3201 1911 182 4938 1265 5648 5456 5047 5275
632 4999 677 1087 4695 1450
633 1924 4938 677
634 1646
635 4865 2904 4999 2543
636 5648
637 423 5578
638 453 1646 5680
639 4999 1560 1120 3310 5680 145 342
640 2189 4999
641 2238 407 3361 1924 1300 5648
642 2904 453 5456 3502 4865 4938 4999
643 5392 3369 2543 4938
644 2858 1245
645 1354 4999 423
646 1924 453
647 936 2194 1646 5052 5275 2943
648 423 4999 5994
649 1911 4999
651 3053 5721 4230
652 5785 4829
653 2809
654 1424
655 5095 2543
656 751 1646 2943
657 1646 1300 3469 453 1911 2194
660 1646
661 1424 4829 4999
662 1255 4829 1420 4938 2906 5680 4638 3009 4636 192 2375
663 1245 453 1924 2543
664 5279
665 647
666 5829 2543 4938
667 1646 5994
669 883 2488 4938 2352 3961 5310 2967
670 1997 4124 5392
671 1646 4938
672 1009 4275 2867
673 4999
674 4999 1163
675 4938 453
676 2543 2904 5320 4827 1924 5994
677 1924
678 5486 2943 1277
679 4938 1911 3408 423
680 4695 5392 1316 4999
681 1420 1148 1911 3560 5994
682 5648 4999 1424
683 1245
684 3961
685 5994 910 1120
686 3990 2352 5680 1120
687 1646 495
688 2352 5680 3366
689 5785 5829
690 145 3560 2352 4999 1670 1120 4938
691 5009 4938 5994
692 5994 453
693 5994 2352 328
694 5537 4938
695 2904 2484 1450
696 4999 1924
697 4487 1245 5680
698 4184
699 495 1646
700 1354 5170 4938
701 3366 3369
702 3049 407 1245
704 1560 5061 4184 910
706 1163 2014
707 2375
708 5994 1087 4938 145
709 4938 5634
710 1087 1560 2076 1316 1911 3009
711 2904 4938 3366 5320 407 4638 453
713 5052 2543 4124 1450 453
714 1957 1732 1924 4859 5680 4938 3156 2840 453 4638 4636
715 3053 1924 453 3369 1911 5680 1100
716 4487 3864 2375 4948
717 4292 5680 3502 5320 1911
718 3052 2014 1018 1911 2503
719 1354 4938 1911
720 623
721 4999 1087
722 4999
723 5785 4938 1354 423 4932
724 423 2543 1911
725 4938
726 5648 5994 2014 1354 1424
727 2904 3560 1424 1450 4938
729 1911 2352 1120 1560 145 1777 4999 1305
730 5829 3369 4938 1420
731 1646 5994
732 4829 1911 2809 3299 191 2352
733 3009 1779 4636 1450 3222 2488 3366 5680 5994
734 5994 2450
735 3369 1450
736 5392 4938 172
737 453 2904 1560 1424
738 2943 3310 453 3961 1560 5095 952 5098 5170
740 952 1732 5648
741 3502 2543 1779 1300 5047 4124 4999 3730 4695 5468 1347
742 348 1424
743 4115 3009 3560 2238 342 1424
744 1087 5994 1646
745 4999 4087 530 1981 453 5680
746 3990
747 4999 4184
748 4938
749 4999
751 5829 2488 3518
753 5648
754 5320 2194 3009 5357
755 4999 5275 2904 1924 4184 4938 2375 2543 2765 453 423
756 1911 4636
757 4938 4999
758 3009 3369 3518 4938
760 3560 5721 1811
761 1550 1560 2352 4938
762 145 2858
763 5275 3009 1316 4821
764 1316
765 1911 3369 4829 623 5300 1732 5047
766 3864 1446 1979 2075 2488 2840 4938 423 1277 3369
767 5648 453 182 3009
769 4184 2543 3990 4938 1924
770 4938 5648 3015 2167 1911
771 236 5994 4938
772 5994 1911 1424 1305
773 3961
774 5994
775 5385 2076 4230 5170 2543
776 1646 3138
777 453 4938 5839
778 5648
779 5634
780 4184
781 4184 4938
782 1087
784 3138
786 1957
787 5578 5680 5829
788 3111 423 2167 3548 453 4230 1120
789 677 4938
790 2543 3299 4230 2352
791 4487
792 5320 1087 1924 2014 3009 2352
793 407 1981 348 453 1646 3990 2375 1112 3310 1911
794 192 1732 4938 1924 183 4832 182
795 2394
796 4800 4999
797 4938 4999 453 1911 3052 5095
798 5456 5648
799 5634 4783 3201 1202 1316 4637 936 5785 3369 191 1942 1300 1850 691 5555 182 183
800 1120 3222 4800 3283
803 145 2543
805 1646
806 1087 453 1163
807 5385
808 5680 4938 5648
810 407 5680 1911 1646
811 1732 1646
812 2488 5680 3452 4938
814 3560 1646 1924 1100
815 5248 194 1732 5275 5456 3969
816 2167
818 5009
819 1120
821 1100 145 1716
822 1646 2640 3646
823 1201
824 1924 4115 423
825 3961 3469 1560 5994
826 4938 5994 1646
827 3961 1747 3310
828 5300 4938 1305 2967 3990
829 5785 1997 2488
831 5652 2352 2488 4487 1779 1560 4769 5994 5947 4476 423 4840 3310 1277
832 437 4938
834 453
835 5095 1811
836 2543 4938 182 1245 5994 453 1646 1811 5052 2167 1300 2943
837 2121 1351 3138 5680 4638 1953 883
838 3053
839 623 1924 4487
840 2904 453 2543 1911 2194 3560
841 423 1316
843 1646 4115 4638 5994 5680 3053
844 5829 2189
847 1245
849 4999 4115
851 4938 3138 1087
853 5680 2543 4230
855 3590 194
856 5648 407
857 423
858 2194
860 3990 5310 1245 530 1499
861 5680 2352 3961 2840 1924 1997 5275
862 5680 4999
863 1911
864 453 5320 1087 348
865 4999 4829 3222 453
866 3990 4638 2375 5994
867 3686 1911 3052
868 2076 1732 3138 3053
869 1018 2488 3299 1911 2819 2167 2187
870 4999
871 1018 5486 1163 1957 5994 1646 1120
872 2375 5829 2352 5680
873 2352 1305 5357 5680
874 1120 1646
875 4637 1957 1305
876 2450 1100 5829
877 348
878 4938 1424 2484 5680
879 5680
880 4638 4938
881 5994 4230 5619 1646 4999
882 2394 5680
885 191 5009 5648 4115 5680
886 5680
887 1747 910 2809 766
889 1087
890 1087 1120 1646
891 5648 4115 342 5320 4230 2858 2543
892 2484
893 766
894 3560 5680
895 2809 5680 1424 1646
896 1163 2543 1911 4638 1124 1981
897 1087 2238 4115 1957
898 1957 3299 766
899 1050 5680 2118 348 3469
900 4938 1646 2189 1100 407 1120 3990 4087 5994
901 5994 1163 1911 2943
903 1646 4999 3111 4638 5170 2543 1450 5456
905 766 3502 4636 1163 1300 1911
907 1164 1087
908 348 1087 5680 2352
909 5680 1924 348
910 348 5648 5680
911 3990 1560 4087 1924
912 2484
913 5680 2484
915 3310
916 952
917 5680 766 2352 1747
919 5994 4115 2943
920 4167 1957
921 4124 1924
922 766 2809 1446 3961 1163 3366 453 4184
923 1300 2943 4695
924 1646
925 5392 1732 4184 4115
926 1087
927 3138
929 3961 2167 4124 5680 4087 5994
931 3283 3502 1924 5680 1646
932 3283
933 1087 3222
935 3283
936 1100 2238
937 1120 1347
939 2014 5047 4487 3990 1911 1424 2352 453
941 453 4999 2352 423 1670 1100 1305
942 1957
943 2352
947 4184
949 3138 3369 4115 4636 1424 1981 342 2943 2238
950 3961 3460 623
951 4859
952 1100 5680
953 1450
954 3138
956 4184 1245
957 3560 1163 5248
958 453 1424
960 1009 4487
961 1747
964 4938 1747 4487
967 423
968 2238 1911 4827
970 4865 3222 5680 3009
971 5634
973 5829 194
974 4310
975 5829 3138 4184 348 4938 1911
977 1646
978 3410 1598 1120
979 453 5652
980 1450
982 1354 1911 5946 623 423 2687 2897
983 4184 1087 1646 5994 1120
984 423 2543 1316
985 1424
987 1087
988 1245 3310
989 1924 2543
990 1732 1245
993 3009 1245 1424 883 1087 4865 423 3518
994 1245 407 5680 1924 1420 1732 2014 623 677 3361 3009 3366
995 1747
996 1446
998 3009 194
999 2488 2906 4487 5680 3450 1779 2062 1997
1001 1163 1087 1911 1732
1002 3369 1911
1003 2543
1004 2543 3961 423 4938 1421
1005 453 2904 1300 3138 3053 5275 4638
1007 2484
1008 1747
1009 4040 4769 1911
1010 453
1011 2840 623
1013 2194
1014 2917 5320 5680 1180
1015 2904
1016 1245 4087
1017 1245
1018 4124 2543 453 5680 1911
1019 5994 1305
1021 3990 5829 2076 4695
1022 4938
1023 1446 5047 5680
1024 1911
1025 3138
1026 4275 1646 4999 3517 1300 3990
1027 5680 1957
1028 1424
1030 3369 453
1032 4999 1646
1033 5170 4829 1100 1163 145 407 5098
1034 453 5994 677
1035 342 2167
1036 3049 3691 2809
1037 4695 4230 4999 2014 3646 677
1038 3502 1911 2904 4999
1039 3299
1040 2238 2062
1041 4087 5721 2543 1850 3421 183 1716 4638 1202
1042 2904 3053 5994 1255
1045 1924 2904
1046 342
1047 1646
1049 4999 3138 2352 3369
1050 5648 453
1051 4938 5648
1053 1811 4124 1646
1054 342 4938 1646
1055 1779
1058 1911 3053
1059 1560
1060 4577 2904
1061 4829 148 5785 5047 182 2858 936
1062 4938 5648 1087
1063 1981 5680
1064 1979 1316 1560
1065 4292 2189
1067 2189
1068 4938
1069 5994
1070 1424
1071 1578
1072 2076 194 3138 3517
1074 1646
1075 4638 4938 4124 495 1911 2543 2917
1076 1087
1077 4124
1078 1646 1424
1079 423
1081 1450
1082 1957 5994
1083 1957 1424 4999
1084 4124 1646 1942
1085 5680 1911
1086 5680
1087 3053 3138 5829
1088 5680 1424 1924 5994
1089 423
1090 1316 5648
1091 5680
1092 1555 3052 4487
1093 5310 2189 1420 5994
1094 1100 5680
1095 1424
1096 1163
1097 3283 5486
1098 4999 5456 3686 4938
1099 3689 1087
1100 1604 1087
1101 5680 5829
1102 1646 4124 1305 5680
1105 2070 2819 4948 3560 1997 1499 1300 3011 5652 2840 5047 855 3502 5275 2906
1106 5047 4999 1354 5275 284 1120 5634 5456
1107 2543 3049
1108 5680
1109 1924 1100 348
1110 4938
1111 1446 1924 1087 2543
1112 1911
1113 1747 2543
1114 3053
1115 4124 4938 5648 194 4638 5994 1924 3369
1116 4938
1118 766 348 2809 1425 1981
1119 2543
1120 192 4487 2904 3460 5392
1121 4938
1125 1018 2765
1126 1646
1130 2543 5994 1924
1131 2352 4938
1132 5680 194
1133 4256 2858 1424
1135 1646 3299 1163 2858
1136 1120
1137 5680 4638 423 4083 1265 1747 4087 1300 1646 790
1138 1646
1139 5680 348 3053 5648
1141 677 1087 3053
1142 5680 5829 4938
1143 423
1145 1911 5680 1646 4115
1146 194 348 5680
1147 1450
1149 348 5680 766 1424
1150 4230 1389 5170 1120 5829 348 168 4999
1152 5680 1646
1154 5994
1155 2809 1425
1156 1450 5994 4938
1157 2121 5680 1523 1424 2238 5310 3015 407
1158 4487 1644 766 284 4938 1911 3015 3053
1160 3053
1162 5680 348 4292 5648 4310 766 1300
1163 1273 1163
1164 1646
1165 677 3990 1087 1646
1166 5088 1100
1168 2238 2858 5680 3310
1169 1942
1170 1646
1171 5385 1924 1424 5680 3518 2488 1245
1172 1646 5680 2189
1173 1646 5680
1175 1911 1957 1424
1176 453 5994
1177 5680
1178 1957
1179 4184 5648 5680 1316 3053
1180 1646 3310
1181 1670 1120 3990 4938
1182 4083 4087 623 5098 1850 4230 1255 2070 5047
1184 5619
1185 2904
1187 1924 4115 5680 1523 5357
1188 1777 1646 5680
1189 1245 1957 1087 1646 3460
1190 3408 4087 1979 1100 1265 2076 5785 2809 5619 3366 1300 4115
1192 1981 2809 5829 1646 3053 1911
1193 1646
1194 1747 1911 3408 1120 2858 4999 1347 1560 1424 3990 5619 1018
1195 4040
1196 3560 5680
1198 1981 194 2189
1200 5680 1779 2375 1124 1018 1981 5392 1300
1202 4115 5680 2543 4124 5994
1205 1087
1206 5680
1207 1747
1208 5994 2543 4598
1210 5456 1087 4638 1911 3053 2904 342 348 5994 4938
1211 453 5680 4938 677 3053
1212 2967 1911 1598
1213 5170
1214 3053
1216 342 3053 1424
1217 2909
1218 2375 5829 3646 1732 790 1300 1087 936 1265 3366
1219 1850 3517 3469 1732 5634 3646
1221 1981
1222 2640
1223 1424
1224 1924 5170 407
1225 1646
1226 423 1732 2543 1646
1227 1646 5994
1228 1924 1911 5095 4487
1229 1732 1446
1230 2167 453
1231 194 1911 2488 1255 1112
1232 5994 3310 1087 1255 4487
1233 1924
1234 1163 5634 5680 766
1236 5578 4938
1237 5392
1238 1732 1351 1265
1240 1924 2352 5392 4487 423 1255
1241 4938 3361 1747 2014 1997 5486 1245 3009
1243 5357 1018
1244 5047 3450 2121 1446 1018 1957 3518 2352
1247 5456
1248 4938
1249 1087
1250 5680
1251 2904
1253 4638 192 3257 4487 407 284
1254 2488 2503 1245 1424 3686
1256 4938 1087 3990 5456 4999 5320
1257 1450
1258 1732 1421 1957 4999
1259 1450 342 1942
1260 145 4938 4999 1424
1261 766
1262 407 4938
1263 1119 1811 1420 2394 1446
1264 4829 4938
1266 3938 4938
1267 5619 1316
1268 1911
1269 1421 5829
1270 407 5047
1271 2543
1272 3864 1446 5680
1274 1450 1316 423
1275 423
1276 3560 1163 1424 2488 3518
1277 183 2484
1279 1850 5785 1100
1280 2543 453
1281 2076
1282 1997
1283 194 5392 4938 342
1284 1732 4948
1285 4938 5680
1286 2488 423 1924
1288 1732 4948
1289 1163 5456
1290 5392
1292 1911 3548 4938 1163
1293 1245
1296 1957 5634
1297 5300 1732 5392
1298 348 2375 4829 5994 3460 5785 5456 4124 5870 4938 1163 183 952 5170 182 726
1299 1911 2488 4938
1300 3961
1301 3369 2904 1732
1302 1911 4769
1303 5994
1304 5994 2904 2352
1305 182 2352
1306 5829 5994 4938
1307 1911
1308 5994 1424 3138 453
1309 168 5680
1310 453 423 3369 4938 4638 5680 2904 5047
1311 1560 5829
1312 1560 145 1924
1313 4938 1316 2904 348
1314 5994 4938
1318 2543
1321 5829 1087 5994
1322 1120 5170
1323 2379
1324 4999 1305
1326 1245 2450 5680
1328 1305 5680 3053 3049 1424 3990 4938
1329 5680
1331 1112 2765
1332 1124 4115 4040
1333 1120
1334 3990 5994
1335 5680 1911 4999 4184
1336 2484 5392 1747
1337 1424 1850 5578
1338 1087 4999 3961
1340 3138 4999 4938
1341 5680 168 4938
1342 5680 5954
1344 1100 5680 5456 2189 1732 1300 1911
1345 1305 5486 5680
1346 1120
1348 2352 4938
1349 1924 4115 1957
1350 1646 3138 5829
1352 4598 623 5275
1353 1646
1355 4938 5994
1357 168 4938
1359 1120 3366 4999
1360 1120
1361 1424
1362 4999
1363 5392 1120
1364 5300 1120 1981 4938 1646 2484
1366 2076 5680 1646 4087
1367 342 3990 4083
1368 1646
1369 5680 5994
1370 183 1646 1716 5619 936 5829
1371 1924
1377 1646 5680
1378 1924 2488
1379 5785 2104 1202 790 1265 4515 3469
1380 4999 5680
1382 1646 5648 342 4938
1383 5310
1384 4310 423
1385 4999 1389 5578
1386 5680 2352
1388 5275 423
1389 5680
1390 3138
1392 1316 5680 1550
1393 1911
1395 5680
1397 1646 5680
1398 1646
1399 1087 1120 910 1163 4999 5680
1400 1779 342 2014 5648
1401 1957
1402 2904
1404 2352 5680 3369 1316
1405 1087 1316
1406 4999 3138 2352
1408 3646 1646
1410 1087 5994
1411 1646
1414 1646
1415 1646 1120
1416 4999 5648
1417 1924 2543 4829 1911 5648 5829
1418 348 5829 5680 1646
1422 407 1424
1424 1732 423
1425 1347 3138 4292
1426 1586
1427 5829
1430 1732 1646 1120 5994
1432 4637 1747 182 1716 1290 5785 3201 183
1435 1646 1120
1436 1450
1437 3138
1438 5994
1439 1850 1100 3646 936
1440 1646
1442 1646
1443 3730
1444 1911
1446 1911 4999 4938
1447 4938 5785
1448 1420 407 1087 3502
1449 2352 342 1255
1450 2187 2503 1354 130
1451 1273
1452 1997 1924
1453 2488
1455 3961 453 194 3299
1456 1911
1457 3053 1273
1458 191 2352 2375 1120 5680
1459 4999
1460 1997
1461 1953 4938 5009 4999
1464 1255 1354 3961 1550
1465 5680 2014 1924 5275 2076
1466 1911 623
1467 1450
1469 5680 1018
1470 766
1471 1911 1924 1424
1472 1732
1474 4487 5275
1475 3961 2543 3864 5047
1476 2543
1478 1747 4999
1480 5634 5994 5680 2543
1481 4167 1087 1911 766 1646 1424
1483 1560
1484 3502 1245 1180 423 2375 2488 2238 1850 3408 1578 2076 2352 5009 2062 2271 1598 5680 2840 441 3049 3052 4487
1486 1305 1120
1487 1911
1490 4948 4938 766 1255
1493 194
1494 4938 5829
1495 4938
1496 5578 1997
1497 1979
1498 1716 453 4487 5721 5994 3517 936
1499 3369
1500 423 3201
1502 1255 1446
1504 2909
1505 1997 4999 1911 3560
1506 2352
1511 1911
1512 4938
1513 4999
1514 5061
1516 2375 1264 4487 1112
1519 194 1424 5785 1997
1520 1644 3049
1521 1087 192
1522 1273 677 4695
1523 1245 3560 1120 64 5680 2118
1524 1560 5088
1525 4999 910 3961
1526 5634
1527 1120 5329 1911 3560 3009 5009 2394 1354
1528 2488
1530 4999 5994 2189
1531 3961
1532 4769
1534 3053 2858 1924 1644
1535 1446 2543
1537 1957
1538 1997 1087 1924
1541 1924 328
1542 1450
1543 4938
1544 1924 1316
1545 4938
1548 4938 172 1911
1549 1450
1550 1911 4829 2352
1551 423 1911 766
1552 4938 2076
1553 1087 1924
1555 4938 647
1556 3961 1732
1557 2352 407 1732
1558 423 4938
1559 1450 4678 194 3009
1560 4938
1561 1747 1924
1562 2352
1563 3311 4829
1565 453 4938 5456
1567 2858 5047 4938
1568 3961 1018
1572 1732 423 5537 4938
1573 4829 5095 4184
1574 4999 1354
1575 1911 1446 5648
1576 2104 1957
1577 1911 5994 3961
1578 348
1579 1598
1581 4938 5994
1582 3502 5829 2375 4256
1583 1450 194 4487
1584 4999 2352 5994
1585 4829 192
1587 1911 5009 4999
1588 5721
1589 4999 2189 407
1590 5634 5456
1591 4999 1981 1924
1592 1424
1593 3138
1594 1981 5680
1595 453 5994
1596 1981
1598 910
1599 1450
1600 1424
1603 5994 5680 1450
1604 623 4821 423
1606 4999
1607 3052
1609 952 3864
1610 453 5537
1612 145 4999 1424 3961 3560 5839
1614 2167 1450
1616 4938 1924 4999
1617 1911
1618 952 1911 4938
1619 172 3052
1622 5994 4938
1624 1120 407
1627 4938 623 2375 182 4829
1628 3138
1629 1163 1424 2189
1630 4999 5578 1087
1632 3560 1087
1633 423
1634 4938
1636 4938
1637 4487 1911
1638 1255 4938
1639 3502
1640 1911
1641 4999 5680 1120
1642 2394 4184 1120 4840 4800
1643 5870 1087 423 1560 4230 192 182 1300
1644 3961
1645 5785
1647 5047 4938 2858
1648 423 5634 1911 2352 2450
1649 5680 1979 1811 453 3822 3518
1650 3961 4487
1651 5578 5468 1732 3961
1652 3369
1653 1180 1911
1656 1811
1658 423 1163
1659 1450
1660 5578
1661 4840 3299 4256
1662 2543
1663 1245 5680 1424
1664 4115 3138 1646 1087
1665 182 5170 1290 1316 936 3222 5555
1667 2543 5680
1669 5680
1671 2543 1924 1957
1672 191 5994 5047
1673 5829
1674 623 1924 1911
1677 4865
1678 1732
1679 1087 3961
1680 1850 4999
1681 4948 4938
1682 4938 1265
1684 1120 3138 1100 5329 1646
1686 2809
1687 1924 1124
1688 751
1689 1646 5680
1690 2904 5648 4938 4230
1691 5170
1692 2543
1695 3646 1850 2076
1696 5994
1697 4938
1699 1997
1700 1087 1997 1924
1701 1911 1087
1702 2352 4938
1703 2543 5009
1704 1316
1705 5680
1706 2189
1707 2352
1708 423
1709 168
1711 4115 3049 3990 1779 423 2543
1712 1305
1713 1779 1424
1714 1981 3222 5680
1716 1245
1718 168
1720 342
1721 3560
1722 1981
1723 1305
1725 5392 1450 348
1729 4938 4948
1730 677 5680
1731 1732 5648
1733 5648 1732
1735 1446
1736 4275 4865 1646 5648
1737 4275 1560 1202 4087 677 4832 183 5634
1738 2819
1739 1446
1740 1446
1741 2543 5785
1742 5648
1743 1450 1180 1924
1744 1420 1560 145 1120
1747 5537 3961
1749 4999
1750 1981
1751 1911
1752 1911
1754 1163 1911
1756 5680 1087
1759 4938 2809 1424 1354 4999
1763 1924
1765 4275
1766 1087
1770 1957 4938
1784 2484 4865
1787 1911 2075
1789 4999
1791 5829
1792 1911 4938
1793 4275
1794 1646
1795 4999
1798 1424
1799 4938 1560
1801 4814
1803 2909
1804 2909 5648 3369
1805 5648
1806 5648
1807 2189 5648
1808 5648
1810 1732
1813 1957
1819 1924 3052
1821 1646 4938 5680
1824 1981
1826 4115 5680 5619
1827 2352 5829 1911
1829 1779 5680
1830 4999 1560
1834 2543 5680 1087
1835 2809 1087
1836 4275
1838 5648 4115
1839 1087 194 4938
1840 3990
1841 5648
1843 1305 1087
1845 5680
1846 1424 1646 4938
1847 3138
1848 5648
1849 3310
1850 3138 2238 453 3864
1851 1646 1957
1853 1646 1087
1854 2113
1855 1747 1911
1857 1924 4821 4999
1859 342 1646 1087
1860 3310 4184 1120
1862 1087
1863 2352 5680
1865 1646
1866 1120
1869 342
1870 4938
1871 423 1180
1874 5357 3822 5680
1877 5170 4865 5680
1878 3990
1881 1732 1981
1882 5680 1424 1646 3052 1124 4598 2194 3686 4087 3222 1245
1883 2488
1884 1646 5392
1886 4999 1163
1889 1924
1892 2858
1893 3053 1732
1895 2375
1896 1924
1897 1560 3864 3009 3138 4938 1087
1898 2503 4115 1446 1201 423
1899 1424
1900 1578
1901 1163 3560
1904 423
1906 423
1907 4999
1908 5829 5680
1909 4829
1910 4184 3686
1911 4938
1913 5680 1924
1914 1087 1924 1732
1915 4938
1916 2488 5785 1997
1919 1924 1957
1920 5680
1921 4577 2352 2484
1923 3518
1925 5680 453 3053
1926 194
1927 1924
1928 1120 3138
1929 1300
1930 1646 4115
1931 423
1932 1646
1933 3990 1732 4115 4087 1850
1934 1732 4999
1935 4948 4865
1936 5009 1087 1450 4487
1940 4999
1943 5680 2488
1946 1911
1948 5537 5095
1950 5634 1957 1646
1951 3560 348 1424
1954 4938
1955 1560 3369 3460
1956 4821 4938
1957 1124 1924
1958 4938
1959 5680
1962 1911
1963 1646 1911 5680
1964 1424 3518
1965 1911
1966 145
1967 5829
1968 1421
1972 1911
1974 407 1732 3822
1975 4938
1976 1732 1180 407
1977 1924 5095
1978 1245
1979 453 1424
1980 4938 3502 423 1911 1924 1578
1981 2543
1982 194
1983 1560
1984 5680
1985 423
1986 1446
1987 5392
1988 1316
1991 453
1992 1911 3369 5680 1450
1993 3369
1995 4938
1997 1316 5994
1999 677 1424 1586 5088 3299
2000 4115
2004 3009 623 145 4938 1112 1450
2005 3369
2006 1911
2008 2840 5946
2009 5310
2011 2014 1850 453 3518 1981 4310 5687 4654
2018 4275 4184 691 1120
2020 4938 3864
2021 1924 5537
2022 1911 1560 423 3052
2023 1911 5537
2024 4938
2026 1924
2027 3560 1911 4938 3961
2030 5687 453
2033 1305
2034 3518 3310 5634 3969 1305 1644 1328 5456
2036 3560 3518 5680
2037 1924 1424 4310
2038 5680
2039 5994
2040 4865 4638 5829 1644 3217
2041 3518 1981 1911 1424 3310
2042 5648 1164 1087 766
2043 1911
2044 182 1911 1716 1747 4637 952
2045 4800 3408
2046 4829
2047 2943 4938 1811
2048 623 1997
2050 1316 4637
2052 1120
2053 2352
2054 1646 5680 1747
2055 1646
2056 1911 1424
2057 1924
2058 3310 1087
2059 407 1911
2060 1924 1957 1646
2061 5634
2062 5829
2064 4865 1424
2065 4999 4938
2066 4938
2067 4948
2068 3369 1979 1911
2070 3560 2906 4829 2070 4840 5537 2246 5652 1424 1245 1120 3502 2859 441 2488 1163 1997 3104 3518 2121
2072 5680 4827
2074 1578 2352 4938
2075 1911 423
2079 5124
2081 1316
2082 3460 1420 5537 4938
2083 4938
2084 1911 4938
2088 4938 4948
2089 4999
2090 2840 1273 4938 766
2095 4938
2096 1732 1924 182 4637
2097 4938
2099 2352 4938
2100 1716
2102 5052
2106 1163 2840
2111 1911
2113 1732
2114 3961 2484 3283
2115 4772 1646 1732 1981 4115
2116 1120 5680
2117 1732
2118 453 437 1732 4832
2119 2488 5994
2121 1087
2123 1957
2124 5829 5680
2126 4292
2128 4938 172
2132 1979
2133 4230 1424
2135 1911 4769 5088
2139 2246
2140 3283 1981 1646
2141 4829 1163
2145 1957
2147 1087
2149 1646
2150 453
2152 1646 5047
2154 1646
2155 1646
2160 1424 1450 1273
2162 2906
2165 2014
2166 5648
2179 1424 5680
2181 1560
2182 3517
2186 1424
2188 183 5392
2190 4115 1981 5680 3049
2191 348
2192 5829
2194 4948 1911 133
2195 1087
2196 1255
2200 2246 4938
2201 453 2765 3138
2202 407 3052 5870 1716
2203 4184
2205 4487 1732
2207 4772
2213 1273 1747
2214 4814
2215 1646 2121
2216 3518 2484 2352 4275 5279 1120
2217 1911
2220 1644
2221 5680
2222 5648 1305 3990 3518 5680
2223 192 5486 1424 3502
2226 1087 1163
2228 1087
2229 4938
2230 1911 1732 2270
2233 5456
2235 1420
2237 5994 1646
2239 5680 5994 2488 5648
2241 4938
2243 4938
2244 1646
2246 4769 4829
2247 3369
2248 4938
2250 423
2251 1265
2252 1646 5392
2253 1957
2254 4695 2076 3518
2258 2121 855 453 1997
2260 1981 3560 5680
2261 1424 1087 3518
2263 1265
2264 3222
2267 5680
2272 1957
2273 1646 1957
2279 1911 766
2281 1911
2282 1911
2284 1354
2285 5537
2287 423 5994
2288 4800 4999 3961 1018
2289 1979
2290 4938
2293 5839 1911
2294 1924
2296 3502
2297 1424
2300 3961 192
2301 4695 5680
2302 3502
2303 1264
2304 1424 2840
2306 5680
2308 5680
2310 1957
2311 1911 4577
2312 1911
2318 1646
2319 453
2320 1163
2322 172
2323 1747
2324 4275 1180 5680
2325 5392
2327 1424
2328 1924 5829 1446
2334 1446
2340 5634
2347 1450 3009
2353 5680
2354 2352 1911
2357 3053
2360 2909 1942
2361 4938 3053
2365 5648 5829
2367 2909
2368 4167
2369 5680 1124
2373 4938
2377 5518
2379 1924 1087
2380 3560 1911 5829 3369 5994
2383 623
2386 1924
2389 172 5518
2391 5392 5047 5456 1087 1163 5680 1264 1732
2392 1424
2394 4821
2400 4256
2401 4310 1646 1305
2407 1018
2411 1087 1163
2415 1424 5680
2416 1163
2417 3518 2488 1120
2418 5392
2419 4275
2421 1911
2422 1265 1163 1550
2423 1112 5947 5680 2076 4832
2424 677 1424
2426 3104
2432 1911
2434 4184
2437 3283 3410
2438 5634
2439 4938
2440 1305 3469
2442 3138
2445 1911 172
2446 3961 1911 1424 1560 1732 1120 5088 453
2447 5994
2448 5392 4645
2449 4814 1245
2452 5680
2454 4487
2455 194
2459 4476 1560
2460 4832 4769
2461 1163 1911
2462 1163
2463 5634
2464 4938
2468 2484 3560
2469 5098
2472 1957
2473 5047
2474 1732
2476 4999
2479 1779
2482 1911
2483 4938
2485 192
2486 1560
2487 1424 1942
2490 3052
2491 2543
2492 1811 3961
2496 1120 677
2497 145
2498 145 2484
2499 1997
2501 4938 1732
2502 623 1924
2504 3011
2506 936 3201 4087
2507 1981
2508 677 1450
2516 5680
2517 5634
2518 5634
2520 4938
2527 4769
2528 1163 1924
2530 172
2531 1911
2532 4487 5680 1398
2533 1305 3138
2535 4487
2536 3460
2538 2543 1716 3009 1732 3104 4800
2539 5680
2541 1578 1424 1305
2542 4821
2543 407 5047 4938
2547 1646
2548 1424 1953
2549 5954 2375 4310 2484
2550 5947
2552 1450 4230
2554 677 2121 5680 3138 5947 5687
2560 191
2565 1732
2567 423
2570 4577
2577 1112 1210
2579 5829
2580 1163
2582 1646
2584 194
2585 5392
2586 1087
2591 1911
2592 1911
2593 194
2595 3009 4645
2597 1163 1732
2600 1911 3369
2602 1087 5248
2604 5680
2610 1957
2611 2909 1124
2613 4938 1732
2615 1424
2618 3053
2622 5392
2623 5829
2624 1316
2625 1124 1163 5061 2352
2626 1732
2628 4577 4678
2630 5619
2632 3138
2633 677
2635 5994
2636 1924
2638 1424
2639 1100 5785 423 2503
2645 3009
2647 423
2650 1911
2653 172 1997
2654 4645
2655 3686
2656 172
2658 2352
2659 4167
2661 2543
2662 172
2664 910
2667 407 1911
2668 4938 5680
2669 1180
2670 1450
2671 4827 1732
2674 5634 4476
2675 172 1911
2679 4938
2680 623 1264
2681 194 4769
2684 1450 5634 172
2686 172
2689 4865
2693 2840
2694 5052
2697 3369
2700 1716 1732 1424 1163
2701 5680
2702 1305
2703 1560 2488
2706 5829
2707 5994 5634 5392
2710 5994 1424
2712 1924
2713 183
2715 1560
2717 1732
2719 2484 1957
2721 1911
2722 192 952
2726 1305 1163 1018
2727 1911
2728 1424
2731 1087
2740 407
2741 2909
2742 1646
2743 5491
2744 1087 1747 348
2750 2867
2751 192
2752 3015 1424 3560
2754 3518
2756 1646 5680 2167 4083
2757 1646
2760 4999
2763 1732 5357 5829
2764 1732 194 5392
2768 3299 1273 1120
2769 194
2772 1924 1305
2775 1316
2776 194
2777 3517
2778 4487
2783 337
2792 1957
2795 1087
2796 936
2797 1087 1646 4184
2798 5680
2799 1424
2800 4184
2801 348
2802 1087
2804 1424
2806 2014 1424
2809 3961 4938 1911
2810 1924 1112 4275
2814 5170 4999 1646
2818 1018
2827 1421
2829 1087 1646
2833 1646
2835 1957 1305 1646
2836 3961 4938
2838 4184 2484 1087
2841 453 5456
2842 936
2844 1316
2845 2014
2856 5994
2858 4938
2861 453
2864 4938
2867 1450
2870 3518 677 1446
2872 1604 1953 1578
2874 2014
2878 4938
2892 1120
2898 1646
2901 1924
2919 1446 1732 1942
2921 1747
2925 5680 2484
2929 3138
2931 1646
2934 1979
2935 4645
2941 423
2942 5680 1100
2943 4938
2944 1924 1747
2945 1265
2947 5634 1424
2952 3310 1424 5829
2953 1560
2959 5047
2960 2909
2962 2014
2968 1163
2970 1305
2981 1779
2982 4948 1394
2990 4832
2992 1163
2997 1163
3006 5009 1180
3009 1163
3010 1911
3016 5680
3018 1732
3024 1163
3025 3502
3026 1924
3029 1450
3030 3369
3032 1087 1120
3035 5456
3037 3310
3043 1911
3045 4999 1120
3047 2640 3646
3048 1911 3311 423
3051 1450
3056 1911
3059 5634
3061 1732
3062 1050
3064 453 3646
3066 1087 2909
3070 4769
3072 4645
3073 4769
3076 1424
3079 2488
3082 2488
3083 4938
3084 3518 1141
3087 1811 1424
3089 1646
3094 1163 936
3095 4087 2809
3096 4999
3105 1446
3108 1911
3115 1747
3129 1979
3130 5648
3132 1163 4865 1316 5329 1850
3142 1163
3148 1779 666
3149 2187
3155 1942
3162 1981
3164 1732
3166 1163
3168 1911
3173 4999
3177 2840 1424
3186 1424
3190 4167
3200 1424
3204 910
3208 1163
3212 3502 1424 1979
3218 3408
3225 5785
3227 1087
3228 4800
3230 1163
3232 5954
3250 4645
3254 5785