0 4832 1164 5451 2846 4461 5687
1 5052 1124
2 3018 2189 1302
3 910 2394 4726 1193 4446 736 3588 647 5300 1450 2642 4956
4 4465 2983 4726 3000 647
5 3000 3410 2189 192 3951 4632
6 1193 1979
7 1193 3411 5946 1245 1853 2983
8 3951 5052 2406 1754 2846 2983
9 2246 2983 5298
10 4956 1853 936 2983
11 4465
12 3951 1193 1119
13 2846 5451 1747 3410 230 751 1193 2394 2886 5785
14 2379 4956 3018 4932 1100 4083 2983 3411 5044 3460 3518 1140 1201
15 5785 2642 4465 192 1193 1853 5451
16 5300 1754 5061 1087
17 751 1853 2983 2406 4829
18 4726
19 3000 912 936 1140 5555 4832 3518 230 752 1193 1242 1850 2983 2846 2189 5870 2070 2813 2394
20 3000 736 1853 342 4465 1087 5634 1018 5785
21 742 2011 3951 3000 1732
22 2983 3771 3411 4829 3410 2647 4465 1193 2394 3000 751
23 156 1853 2813 3699 1754 5680
24 1853 194 1193 1754 4726 4040 2886 5052 4465
25 1754
26 2983 4465 3410 1210 2394
27 5061 2983 3411 1193 2846 2642 5300 1087 1853 4465
29 1087 1351
30 4726
31 1193
32 5300 3951
34 2983 1193 4446 5052 3410 3951 4829
35 2189
37 1087 2846 2983 1853 1450
38 751 4746 2983 1087 3018 647 1193
39 4956 2189 1754 2813 4726 3366 2846 2642 2983
40 1087 2394 2406 3011
41 1193 2983 751 2394
42 2189 1754 1193 2394 4465
43 929 1754 3330 647 1598 742 1163 3018 2859 5451 423
44 4840 2647 1853 2983 2189 5300 736 3951 1754 230
45 2642 5310 1273 736 3018
47 4746 4956 5130 4465 1420
48 1754 736 4461 2983 751 1193
49 4726
50 5451 5300 5357 3018 3389 2406 1446 5634
51 1351 4956 1754 5130 2886 4461 2189 1853
52 1754 230 1193 1853 3410 2642 5680
53 1193
54 1100 4726
55 751 1193
56 1754 1193 1124
57 3730 1193 2189 2394 1119 3411 64 2642 156 230 342
58 1853 4726 2846
59 1193 3411 2642 1754 2813 1811 1775 2983
60 1754 736 1119 4726 2983
61 736
62 2983 1193 2647
63 527 3410 4726 5130 1738
64 647 5451 736 2983 3450 4840 3730
65 3689 2886
66 5680 1193
67 1181 1193 2846 1351 1853 647 2813 2642
68 3411 2846 736 2897 1302 2011 3000 548 3588 1193
69 1193 5451 5300 647
70 1245 3951
71 1273 5130 3951 156 1351
72 5052
73 1193 1940
74 2846 2011 1193
75 3000 1732 5052
76 1087 5785 1273
77 1754 2246 3951 1450
78 4932 5300 4465 1853 751 3699 4956
79 5451 4040 1087 1193 5331 5052 1853
80 5300 1775
81 1193
82 5061 4465 1193 3018
83 1754 751
84 2246 3411 230
85 4124 1193 1754 1087 2886 3411
86 5052 2846 1811
87 4956 192 1193
88 5357 5422 342
89 1853 2846 2983 5300 1193
90 1193 2813 5451 2011
91 1193 1087 5680
92 4956 2983 1754 929 1193 1351 2840
93 2642 2846 2886 1193 3411 1853
94 5451 2846
95 751 4726 1193 5451
96 2983 194 4829 4598 736 3410 4087
97 2647 751 4956 1193 3000 5435 230 1754 342
98 2983 1087 647
99 156 4465
101 3411 423 5130 736
102 2246 2642
103 4956 4461 1193 1754
104 1193 1598 4956
105 5451 1087 1596 1100 230 4783 192 2983 5130
106 4461 1853 1087 4726 1193 1100
107 5680
108 1911 3411
109 4465 4956
110 1119 1853 1193 156
111 1302
112 1853 4956 2983 1193
113 192 4465 4956 2983 1398 929 2846
114 1850 751 1351 1140 4275
115 1328 4465
116 5061 1193 2846 4829 4577 5785 5300 2983 3018 751
117 1193 1853 2983 2011 4726
118 3951 342 4956 1754 1193
119 4726 2983 2846 751
120 1193 5451
121 192 3018 4956 2642
122 3450 1351 1193
123 4829 2846 4726 2011 4632 5061
124 2189 736 4840 1754 2647 1853 3730 230
125 1193 4726 2983 5451
126 1853 2983 2846 2813
127 1754 1853 192 2189 4465 230 3411 3951 2011 5680
128 1193 192 1754 751 1420 736 5300 1747 348 1087 2246
129 4726 5300 1193
131 230 1193
132 192 1087 2983 736 2647 1193 1853
133 751 1087 1450 1120 2983 5300
134 5300 2813 1193 1087 2846 2823 3411 2983 1351 192
135 1193 1446
136 2014 4040 5410 348
137 2904 1087 4465 1754 1193
138 2011 2846 1193
139 342 1853 2059 1550 2846 1193 2983
140 2642 4829 4465
141 1754 5785 4465 192 4726
142 4829 2394
143 3560 2394 192
144 1578 2014 1120 2846
145 5680 2642 2846
146 4726 751
147 156 3410 5451 2394
148 3421 5331 2846
149 751 2189 527 1193
150 4726 2813 2846 1853
151 1193 2846 1754 2813 192 4465 2189 3699
152 423
153 1754 2379 4956 1853 5052 2846
155 2642 751 2846 736
156 3411 1193 1754 2846
157 3410 1193
158 1273
159 751 1193 1754 194 2246
160 2897 5680 1853 666 1193 2846 2983 5628
163 1193 1811
164 1754 2846 1193 5537 3771 2642 1087 2813
165 1087
166 2011 2886 1193 2846
167 1853 3411 2813 3730 736 2846 1351 4465 1754
168 1193 5785 1732 3699 1754 4465 2846 3410 751
170 1420 5785
171 4465 1193 3450 5300 5451 3000 3018
172 5052 423 4726 1351
173 4832 5634 5357 4446 548 4746 1420 423 4465 1940 1119 1775
174 2379 5130 5061 736 4465 1087 342
175 2642 2394 5680
176 1853 2858 3000 2394 1193
177 2394 1193 2189 4465 5248 192 5785 1550 1245
178 1119
179 2175 1754 4726 1853 2011 2846
180 751
181 1193 1124
182 3951 4956 3771 1193 2406
183 5785 1193 3951 2394
184 3699 3411 2840 1087 230 1112 4124 2813 2642 2886 1193 194
185 4726
186 3730 2846 4956 2983 3951 3410 1754 2642
187 1124
188 5310 2846 3460
189 423 2846 5300 2983 1193
191 2813 1087 5052
192 3951
193 1119 1853
194 1853 1245 3518 4726 3951 751 2189 2983
195 5451 2846 1853
196 2011 1450
197 2846
198 1193 3366 5680 2886
199 2246 2886 3389 5785
200 4465
201 1853 1087 2642 1747 1245
202 2983 1598 2813 2886 2011 1193 1853
203 1853 3951 2886 1754
204 2642 751 192
205 1193 2983 4465 2394
206 3699 4645 3000 1754 3410 1940 3730 5130 5357 1853 3411 2909 2858
207 1911 1193 3771 2983 2846 2406
208 1450 3951
209 2647 1853 2983 2189 647 3699 2642
210 3410 230 1853 1193 2642
211 1811 751
212 192 5052
213 342 1193 2983 751 1087 3410 1853 1245
214 2846 1193 1853 3410
215 2642 910 3951
216 1087 3951 1811 4956
217 1193 2642 2846
218 192 4465 3018 1732 2813 1754 1193 3951 929
219 1300 1087 1193
220 3000 1351 192 1193
221 1087 5300 5785 342 1193 192 3699 2846
222 736 2846
223 647 1273
225 1193 751
226 1193 1754 348 936
228 5451
229 1853 1193
231 1119 1193 1754 5451 5052 1087 647
232 3018 4645 742 1598
233 1193
234 4726
235 5052
236 5130 2846 4040 3450
237 647 2846 4956 912 2983 1754
238 4465 1754 5052
240 1193 4726 910 1087 5451 2813 1754
241 647
242 2642 2886 5451 4726 2846 1193 1754
243 4726 3000
244 2909 1747 3518 5130 2813 5298 1193 1596 156 4461
245 3389 1420
246 5410 1853 2846
247 3691 5785
248 1163 1604
249 751 4465
250 194
251 4726
254 5411 5052 4726
255 1193 2813 423 194 1087
256 4726 1853 1163 2642
258 1087 5451
259 5130 1124 1853 4726 1738 1193 2846 4461
260 1193 2846 1754
261 5052 1853 1193
263 1424
264 1100 666 192 1242 1850 5088 3421 3410 4465 623 3518 1193 1596 2011 2846 1273 2070 2983
265 1193
266 1193
267 2271
268 1087 647
269 3000 4726
271 1940
272 423 751 1747 3018 192
273 5451 4465 3000 2406 2983 230 192 3951 3411 1305
274 5300 1747 1193 4726
275 647 1087 4726
276 1446 3969 1193
277 1163 192 230 3951 647 4465 3410 2983 2886
279 3018
280 2189 1754 2983 5537 5451 1193 4461 4956 1163 4726 2394 647
281 1754
282 1193
283 4726 2983 1754 4465 342 2846 2813 1193
284 4726 1087 3000 1193 2642
285 4726
286 5052 751
287 192 1853 647 1754
288 751 1775 1193 5088
289 5317 751
290 2846 1193 751 527
291 1087 1754 2846 3411
292 1193 194 2846 4726
293 423 1193 2846
294 5357 2642
296 4726
297 1193 5392
298 5946 423 5392
303 1853
304 1853 1193
305 1351 647 1193 5451 3411 1120 3018 4726
306 4461 423 1193 4726 5451
307 1087 5300 1604 647
308 1193 5451
309 5044 4956
310 2846
311 3018
312 1087 4726 1193
313 3283 751 1911 1420 1018
314 5052
315 5451 230 527 1193 751 3411 2846 2859
316 5785 1421 1193 5680 1754 2846
317 751 1193 5410 3518 4726 3951 936 929 5044 5870 1100
319 5451 1811 3951 5300
321 5648 4726 1100 4746 2246
322 3410 910 230 1754 929 3283 1193 4956 4726
323 1120 2647 2406 3000
324 305 1193 936 5088 1596 354 3157 5300 1732 1850 1242 2909 3588
325 1193
326 736 4956 1193 1119
327 2886 5451
328 4726 1193
329 5052
330 1087 5680
331 4726 2846 4577
332 4465 647 1302 2983 4932 1193
334 1193 751
335 1193 1968 751 5300 2813 1732
336 5870 3460 936 3411 4726 230 5555 2909 1754 3518
337 5130 1087 4726 1193
338 5410 4184 1112 2642 736 4465
339 751 4726
340 5451 1305
342 4726 2014 423 5785 3951
343 3951 5451
344 1604 1193
345 4956 3691
347 1850 5088 1351
348 192 3411
349 5721 1119 1450
350 742 5785 5451 4645 3018 1193 1754
351 2121 751 4726 1604 1732
352 1811 5300 2886 2846 647 1000 1193 305
353 5052 4726 1754
354 4465 2809 5300 647
355 1087 3283 1193
356 736 1193 1119
357 1193 5785 192 1087 751
358 1940 5648 423 4726
359 1305 1754
360 5300 1604
361 5785 5052 2846
362 742 1942
363 647
364 1193 5009 423 1446
365 1193 5785 1732 2059
366 4726
367 4726
368 5331
369 1754 3730
371 1193 2813 1754 5785
372 5331 1193 194 1450
373 4726
374 751 1775
375 2846 1193
376 751 2394 4726 2813 4956
377 5785
378 751
379 1193 1087 5785 4726 4800
380 751 5300 1193
381 1193 1163 2886 3000
382 1193 1811 5785 751 192 3018
383 3411 1087 1853
385 1087 2983 4465 5648 1754
386 342 1087 2846 751 2983 3366 1777 1193
387 5451 2011 1193 647 1305 2886
388 2983 1140
390 1853 2846 2647
391 4465
392 1853 192 1163 1193 4829 5785 4956
393 1302
394 3410 1273
395 5300
396 5052 2394 3410 910 1193 2846
397 1747
398 751 5300 1140
399 4465
400 5061 1193 2813 2886 1018
401 2983 4726
403 4465
405 2846 4811
406 1140 156 4932 5300 423 4726 5451 1193
408 4275 1140 4487
409 5785 3018 4465
411 4465
412 1754 5061 1193 4465 1555
414 3951 5392 5044 3018 1775 2379 4465
415 423 1193 1305 4932 4184
416 1193
417 1193 3018 2189 1754 1163 2813
419 1193 5061 4465
420 1347 1853 2642 3699 156 3411 2379 3450 5422 5298 5130 1163
421 2246 5052
422 1347
423 4465 1193
424 3771 2983 2014 1193 5061 2394
425 2813 647 3018 2642 1193
426 2379 936 1193 5088 2014 2642 3518 1853 4083 4275
427 2011 752 1100
428 1853 1193 230 2394 2983 3018
429 2813 548 2858
430 1811 751
431 1754 3951 1087 4292 5357
432 751 1193 4956
433 1193
434 156 1351 736 2846 1853
435 1754 1141 2983 1193 1087
436 751
437 2846 1193 2983 4465 2813
438 1087 1732 4726 5300 2846
439 1193 2846
440 3951
443 3201
444 5052 1193 1119 751 4726 5300 1853
445 736 647
446 3411 4465 1853
447 5052 1193 751
448 1853 1087
450 4645 1193 751 2014
451 4465
452 5088 647
453 1193 3018 742 4829 1732
454 2983 647 942 1193 2642
455 5300 2983
456 4956 1193
457 2187
458 1754 2886
459 5052 751 5451 1193
460 2846 1193 4465 4726
461 3366 1940 5451 4726 3450 751 423 1754
462 1754
463 4726 3366
464 2846 2813 1193 742 4515 5300 751 1087
465 4726 1193 2846 929 4465 5451
466 1120
467 423
468 1124 4956
469 4956 5061 4726 3018
470 3018 1193 1853 1420 736 5357
471 1193 1811 5052 2813 4726
472 2121 1775 5052
474 4465
475 4726 5648 5052 1193
476 1424
477 1193 3730 4829
478 4956 2809
479 5009 4726 5300 5052 1732 1193 4461
480 1747 751 1193
481 1193 1853 5052
482 1754 4465 2886
483 1193 2780 527 4461 3588
484 4726 1193
485 751
486 1420 5130 1119 2189
487 1811 1087
488 1193 4726
489 1339 2846 3389 5130
490 5052
491 1754 1193
493 1119 1193
494 751
495 1305 1018 1850
498 1193 2846 1389 2983
499 1163 1754 3411 5298 1300 4465 929 1193 2846 2014 5785
500 2642 623 1302 4726 423 5098 1087 3018
501 5451 2886 1087 647 751
502 4726 1193 647
503 4726
504 1754 5451 2189 1351 3730 3018
505 2983 5300
506 3410 4726 3689
507 751 1193 4956
508 647 3410 423 4040 1305
509 1193 2846 4726
510 4829 936 1754 1193 1242 4832 1273
511 1754 1853 2813 1100 1578
512 2846 5052 1754
513 751 1245 1087
514 3951 2846 1193
515 647 3000 1141 1193 5785
516 647 1555 423 5451 1193
517 3027 4726 4800 3411 423 1347 2886 4811
518 1193 4726 2846
519 1811 1555 1193 647 2394 2642
520 2394 5052 1193 2886 3560
521 2846 5300 2858 1193 3411 1747 751 1087
523 4726 2846 1732 1124 5451
524 1193 1351 4726 3460
525 423 1193 1853 1754 4726
526 751 4726
527 1120 1193
528 4956 736 4083 2846 5052 4726
529 1853 5451 1193 4726
530 751 2488 1193 2886 1087
531 2983 1193 5785 5451 3000
532 2011 5870 5451 548 1119 1193 647
533 3699 2011 3588 423 2983 1193 3590 4726 790 2846 929
534 1754 1193 751 4726 342
535 1087
536 647
537 4956 1193 2189 2846
538 3410 2846 5435 5317 1087 3085 4726
539 1087 3000
540 2813 1273
541 2846 1339 736 4726
542 5130 2846 1957 1351 1853 1193 4726 2642 2189
544 1775 5300 1124 1305 2846
545 3366 4726 2846 163
546 3411 5320 3000 5130 1738 192
547 3410 2917 4465 3411 3000 1124 230 5785 2394 5300
548 1193
549 2187
551 1087 3411
552 5785
553 5130 4465
555 1087 5052 647 2983 1911
556 2846
557 4956 1087
558 3771 1754 2983 5300 752 1193
559 5451 2246 5130 2175 3000 1979
560 2642 2246 1302 5052
561 1853 3771 1942 1193
562 423
563 3518 2886 666 1193 1853 5870 527 936
564 2846
565 5451 4465 1245 1087 2780 5785 1193
566 2846 1347 2813 5300
567 1193 3771 2846 3000
568 2846
569 527 2846
570 1087 4956 2642
571 2886 5680
572 2813
573 1245 1347 1853 2983 3691
575 3951 5680 1193 2983 4465 3000
576 1163 5052 1193 2011
578 1087
579 4465 1193
580 1853 2983
581 1193
583 1193
584 2983 1450 2642
585 4956 3000 1087
586 4956 4465 3951 2886 1087 2983
587 4465 1193 4577 2983 3000
588 2983 2406
589 5052
590 1811 1754 1193 2983 1245
591 2983
592 3771
593 1754 1193 4726
594 5331
596 2983
597 2246 2846 2189 1979
600 1087 3000 751
601 1193
602 4475
603 3699 3000 3951
605 5052 1732
606 2983 1853 1424
607 1754
608 4465 1087 342
609 1754 2983 5300 3951
610 1853 5130
611 1300 3157 1420 3411 5130 5317
612 2983 2647 2846
613 230
614 1193 751
615 1245
617 1446 5392 1087 1754 3691 1424 736 1421
618 736 1853 1193 2846
619 2983 4083 751 2846 4956
620 2983 5300
621 1193 5300 2886 1754
622 2983
625 3951 3366 4465 2406 530 3518 1850 1596 936 2394 3588 5088 1193
627 4726 1754
629 1112 3460 1446 3699 1754
630 2813 5680 192 5052 1087 5300
631 4829 5298 2642 5785 910 423
632 2011
634 2886
635 1193 4465 3771 1164 751 2983
636 1347 3951
637 1087
638 4446 423 2846 1193
639 5994 1193
640 4726 1754
641 3951 2983
642 2406 2983 2642 1193 3000 4465
643 2846 666 230 751 5098 1140 192
644 1853 2983
645 3018 5061
646 751
647 4577 2983 3951 4465 1193
648 1425 2246 5061 1853
649 3018
650 1347 2011 236 5357
651 1339 5451 4726
653 5300 2846
656 4726 5680 2983 2846 4465 1578
657 3156 4461 1193 1450
658 1119
659 5052
660 1193
661 2846 348 1193 5451 2189 5130
662 4465 2647
664 751 1811 192 2011 1853 5317
665 4956 1754
666 751 1853
667 2846 4465
668 2846
669 1193 2846 1420 5130 4956 751 2175 1853
671 2846
673 2983 1754 1087
674 1193
675 751 4465 4746 2983
676 1193 2394 4465
677 4956 910
678 1754 2983 230 1853 2846
679 4956 5061
680 192 4829 3951 2983
681 4184
682 1775 2642
683 2983 1853 2846
685 4726 623 1087
686 1193 4465
688 1193 751
689 192
690 1811 2813 1747 1193
693 4645 2379 1193 2983 736 5130 4465 5044
694 3411 2246
695 1193 1119
696 5298 2780
698 3951
699 1754 2846 3951 2809 1018 4726
700 1087
701 2886 1193
702 2642
704 2846 1754 4726 1775
705 5130
706 2840
707 751 4465 1193
709 1119
710 4956
711 230 342 3000 1811 2394 3771 3410 1193
713 1193 1853 2846 1087 1245 1811
714 230 3450 647 2983
715 3011 1853 1850 4932 752 5870 3518 666 4487
716 2642 4465 1201 3411 1738
717 1754 1853
718 3548 1550 4829 4956 192 4821 1245 3411 156 5130 1302
719 4632 3450
720 2983 1853 2642 751 647 2394
721 4465
723 3018 4956
724 1119
726 1420 936 742 3018 5130 5300 4829 1414 527
727 4465 751 1193
728 3410 4184 1811 1273 3951 1087
729 1811 4726 1193 1754 3421 2813 3000 2846 5061 1124
730 3951 1193 1853 2014 3771 5680
731 1193 1853 2846 1811
732 2846 1754 5785 4726
733 1775 2011 230 647
734 3771 1124 1754 342
735 3771 1853 3951 1193
736 1087
737 2983 1193 4956 751 4465 1853
738 1193 5052 2846 929 2813
739 2983
740 736
741 3951 2983 2406 192 3411 4956 1754
742 1193 4465 2014
743 3699 5130 5680 230 3018
744 1193 5680
745 3421 2846 1193
746 2846 1754
747 1754 2011 1193
748 4746 2647 1754
751 5300 3411
753 1853 1193
755 751 1853 230
756 1747 5298 736 5785 4465 3699 2909 751 1754
758 4465 192 1853 736 3410
759 4465
760 2846
761 1754
762 2246 4083 2846 751
764 2983 1754
765 2846 2394 4956 1811 1119 1193
766 1853 1273 3411 751 3018 194
767 2886 1193 751
769 2886 1193
770 5785 1193 736 751
771 3000 1193
772 2886 1754
773 423
774 1193 5052
775 342 4465 2983 5628 5870 1775 5451 1193 527
776 5052 4465 1853 1754
777 2014 751 1754 1193
779 2983
780 1087
782 1193
783 1578 2983
787 4956 1853 1193 1836
788 1811 1754 5785 647 1193 2983 5451
789 1193
790 647 1193 2846 3000 2983
791 3518 1420 1853 1850
792 1193 2846 4465 3450
793 1853 2846
794 1850 2394 2642
795 1112 1420 4956 1193 1853
797 2394 751 3018 1193 3000
798 5785 3730 3951 2406 2647 192
799 1112
800 1087 1193 5451 647
801 1193
802 1193
803 1193 4465 1305
805 4726 3460
808 1853 1193 4465
810 1754 4746 2846
812 3771
814 4465
815 4726 1087 5785
818 1193
820 1193 423 2642
821 5052 4726 1087
822 4275 2846 1850 5680 752 1853
823 1811
824 5357 647 5451
825 1193
826 1124 1119
827 4087 1140
828 1087 4465 1193
829 2014 4040 423 5392
831 4800 527 3410 3000 5680 1087 2886 929 5300 1420 3590
832 1754
835 5680 1100 305 1193
836 1754 1853 2846 1193 751
837 736 2846 1811 1193 4746 1087 1853 423
839 2642 1732 1302 4956 1018 1450 2846
840 2983
842 2983 342 3691
843 3951 3410 929
844 1087 4465
846 1853
847 4040
849 342 1164
851 192
852 2011 2983
853 647 1087 5451
856 1853
857 2846 1193 1087
858 1754
860 548 5357 3366 2642
861 156
862 342 1853 4465 2983 5451
863 1351
864 736 1193 1754 3951
865 5785 1420 1163 3018 1193 5537
866 2983 5451 647 5310 5680
868 2642 1087
870 4726 1811
871 4726 1193 2014
872 1853 1777 647 1811 548 5839
873 2642 5451
874 1853 1775
876 4726 4800 2642
877 2642 1087 423 5451 5680
878 2846 1853
880 736 1193 3018 5451 5061 4465 1754
881 1193 1754 4465
882 4465 1754
883 1087 2886 530 4726 1193 2904
885 2846 2014 1018
886 2886
887 5451 4726 2846 2813
888 2983
889 5451 1124 647 1811
890 3000 1193 4726 4465 3771
891 2014 647 2642 5410 751 3018 5451
892 2846
893 5044 910
894 5451 1811 5331 1853 4726 3085
895 2846 1193 1775 2813 5451 1853
896 1424 1193 2647 2846
897 342 4040 2846 1193
898 2394 5451
899 5088 1850
900 527 4487 2846 1140 1018 5088 936 5044 4056 3951 4275 1850 3518 1193
901 5052 1193
902 1193
903 2813 2886 2846 2011 751 1578 1119 5451
904 1754
905 4726 1754 1193 1398 5451 5392
906 423 342 1193
907 1245
908 2642 5451
909 2846
910 4726 2846 2886
911 1193 4726 4040 5451
912 342
913 2187 1193
915 2813 2983 3018
916 423 5680 4632 5317 4726 2846
917 5331 4726 1940 5052 1193 4124
918 2846 3421 1193
919 1811
921 2846 5451
922 4726 1853 1193
923 2983
924 1193 2014
925 1450 2813 4726 4465 1754 3085 5052
926 4726 1119 1193
928 1754 5300
929 5300 2983 647 2846 1119
931 2642
932 2813 2983
934 2983
936 5451 5009
937 3157 647 2813
938 1087
939 910 5410
940 647 2642
941 3951 1193 2813 3411
945 3018 936
949 647 423 1604 1193 548 736 4726 1450
951 2189
954 4726
955 1087 3018
956 423
957 5680 4726
958 936 3518
959 4645
960 423 5331 3018
961 1940 2642
963 4465
964 2647 230
966 2886
967 3951
968 2886
970 4726 5009 1193 1124
971 4746
972 751
973 1747 1193 4832
975 1119 1853
979 1193 5357 192
980 192
982 751 1087 1339
983 5300 1754 5052
985 3018
986 4726 5052
988 1119 1193
989 5130
990 5451 1853
992 1087
993 2011 647 5310
994 3951 1853 2642 751
995 1911
998 2187 1450 1245 423
999 1193 2011 751
1000 2983 5009 2886
1001 3000 4465
1004 1853 4465 236
1005 3410 751 2642 1811 2011 2983 2175
1009 1193 423 1302
1011 751 2014 5785 3411
1013 2011
1014 1087 192 2642
1015 192 4465
1016 5357 1446
1018 348 2983 1193 2846 1853 1119 929
1019 2886
1020 1754
1021 4083
1022 1273 1811 4465 3951
1023 5130 1450 1193
1024 4726 1523 1087 5300
1025 4184 4726
1026 1853 1193
1027 3951
1028 2886
1029 2011
1030 647
1032 342 647
1033 3730 3517 423 5422 5810 5785 4800
1034 2846 3771
1035 2846
1036 2983 5994 2011 4726
1037 1754 1087 666 2983 1140 1850 2846 1193
1038 1193 3771 5870 1119 4932 5088 3518 1100 4275
1040 3951 2983
1041 2983 1853
1042 2983 1732 1193 647 1163
1045 5044
1046 1273 2983 5300
1049 4465 1193 1754 2780
1050 230 1193 2886
1051 3951 2062 2886
1053 1853
1054 1754 1163
1055 4726 2846
1057 2983 1811
1058 5052 1193
1059 5052 1555
1060 5331
1061 1853 3691 230 3018 2394 4932 3771 2014 1087
1062 1193 1273 2011 5300
1063 751 2846
1064 1754
1065 1754
1066 1754 3951 5300 2846
1067 1120
1068 3951 4465
1069 4645 3410 2886 3951
1070 1853 751 1754
1071 3951 1747 2886
1072 1193 5870
1073 751 1100 1850 5870 936
1075 4746 1193 1087 2846
1076 3951 5300
1077 1853
1078 5680
1079 3411 2780
1080 3000
1081 1853 1193
1082 1853 1811 2983 1193
1083 2846 1421 3951 1853 1193
1084 342 1087 3000 2983
1085 2983 1100 4083 4487 936 1087
1087 5052 4465
1088 4465 1754 1193 4487 2983 2846 1850 1100
1089 2011
1090 4956 1347 4465
1091 2846 5300
1092 5130 4577 156 3951 2642 5320
1094 2846 2983
1095 1754
1096 4726 1193
1097 5300 751
1098 1193 1163 192
1099 4726 2846
1102 1754 1193 2846
1103 5680 2846 2886
1105 2189 1545 1398 2361 1193 5785 751
1106 3450
1107 1446
1108 4275 1754
1109 2642 3410 1754 2189
1112 2011
1115 230 1754 1087
1116 1775
1118 2846 5052
1119 2642
1120 3000 4956 1853 194 3411 1193 2189
1121 5052
1124 1193 1957
1126 236 5052 3011
1128 5052
1130 342 1050
1131 1305 1087
1133 2983 751
1134 3460
1135 1193 423
1136 751
1137 3366 1853
1138 1193
1139 1087 4726 1119
1140 2846
1141 751
1142 4726
1144 1119
1145 3951 2011 1119 1811 1120
1146 2014
1148 2062 548
1149 2642 751 2194 3410
1150 5451 3018 5300 647 4956 1193 2886 2846
1153 3951 936 194 752 4487 1193 1754
1154 3951 2886
1155 2846
1156 3951 2886
1157 5300 5451 4811 548
1158 3410 2642 3000 736 5300 1754
1162 2846 1087
1163 751 1193 2189
1164 1754 647
1165 4726 5300 2983 1853
1166 423 192 1119 1339
1168 1193 2642 5410
1169 342 1424
1171 342 4726
1172 1339 5451 1957
1174 2194 2904 794
1175 5130
1176 3771 3951 1754 1193
1179 1853 1193
1180 1193
1181 5634 1193 2846
1182 3410 1853
1183 1754
1184 5009
1185 3000 2014 3699 2394 1193 192
1187 623
1188 4726 751
1189 4465 1119
1190 4726 5680
1192 2886
1194 2846 1811 1193 1119 3411 751 2983
1195 4829 2642 194 5130 1754
1196 342
1198 4827 5680
1199 1193 2014
1200 3771 4726 751 1193 5357 1853 3000 1775
1202 2813 4040 4726 1087
1203 4275
1206 1193 1598 1087
1208 3000 5317 5680
1209 2983 4726
1210 2394 5785 3410 1193
1211 736 1450
1212 1193 1578
1213 1087
1214 3011
1216 2886
1218 2886 1193
1220 2983
1221 1119
1222 751 4275 4487 1850
1224 1305 5680
1225 5052 4465 2011 2014
1226 751
1227 1940
1228 3450 2642 156 2846
1229 1853
1230 1811 751 5317 2846 1193 5680
1231 1302 3588
1232 4461 4956 2813 4726 1120
1234 1942 230 4829
1235 5357 1351 1193 751
1236 2642 1087 3730
1237 1550 1181 5130
1238 1193
1240 5130 1193 4040 1351 4956
1241 1193 2909 5317 192 4577
1242 1087 2983
1243 5451 1087
1244 5680 3410 548
1247 5785
1248 5009 1119 751
1251 2886
1253 5130
1254 1087
1256 1193 2813 3421 1754
1257 1193
1258 5451
1259 2983 2846 1853
1260 423 3018 4465 527
1261 2642 1087 4829
1262 1446 1201 1087 5130
1263 423 3049 751 1754 1193
1264 1754 5785 1446 1193
1265 4726
1267 1754 1193
1268 623
1270 1245 1351 3771 5839 4040
1271 1424 342 1193
1272 1420 3691
1273 4726 1018
1274 342 1853 1424
1275 342 1193
1276 3410 929 647 751 1193 1087 5785
1278 423
1280 1100 3283 5721 1164
1282 4577 1747
1283 623 2647 2175 1087
1284 3283 1351
1285 1853
1288 1273
1289 3015 3000 5680 5331 1087
1290 2062 192
1292 192 5298 5785 2406
1295 3699
1297 1193 5298 1853 3771 4956
1298 751 2886 4465 230 192 1193 1124 2014 2394
1299 423
1300 1450 2886 2983 5680 5317
1301 2983 751 230 1193 3771
1302 4726
1303 1100
1306 1853 4465
1308 1119 1193 5785 3000 5946 2394
1309 1193 647
1310 3730 3000 5357 2394 5785 4465 1193
1311 1420 5052
1313 2394 3000 1193
1315 1316
1316 1450 1087
1317 423 5300
1319 423
1320 423 1853
1321 2886 5300 1754
1323 1119 2983
1325 1754
1326 4465 5300 752
1327 1193
1328 1193
1329 1193
1331 342 4475 1853 5300 2394 1193
1332 1087 2813
1333 751 4465
1334 1754 1087
1335 1853 1754 1193
1336 1193
1338 1754 1853 4726 5052 751 5061
1339 1119 1754
1340 1853 1193
1341 1193
1342 1193
1344 3771 3951 3000 5785 1087 2886 1193 3410
1345 2011
1346 1193 1754
1347 3450
1348 647 1193
1349 2886 1193
1351 1853
1354 1754 751 1193
1355 5785
1356 238
1357 2846
1359 4465 1853 1775 1193
1360 342
1361 4465
1362 2014 1193
1363 1775 2813 1087 5300 1193
1364 1811 1193 1853 2983 5052 751
1365 2813 1193 4124
1366 1853
1367 3951 1853 1193
1368 1193 2886
1369 1811
1370 5870 1100 5357 1850 1193
1371 1193
1373 1853 1193 929 2886
1375 1193 4184
1377 751 4746
1378 1754
1379 1853 4726 342 1087 4645
1380 1853 1193
1381 3771
1382 4465 910
1383 1193
1384 1193 4726
1386 1193 3411
1389 1193
1390 4275 4465 1754 1193
1392 1193
1393 2246 4465
1395 2886 1193 1120 2983 1100 4465
1396 5578
1397 1193
1398 1578
1399 1193 2886
1402 2394 1193 4465 5785
1404 1193 3410 5300
1405 1193 4465
1406 1193 423
1407 1754 751
1408 1087
1414 1087
1415 4726 1193
1416 1100
1417 4465
1418 4726 1119 2813 236
1419 2886
1421 4746
1422 5331 3460
1423 1754
1425 4465 1087
1426 1119 1957 751
1428 1193 1754
1430 1193 2846 1853 1754
1432 1193 4645
1433 4465 4726 1389 5320
1434 4465 1193
1438 2846 1193 5052
1439 1193
1440 1193
1441 1193 4465
1442 1490
1444 3018
1446 4465
1447 4184 2246 423
1448 1747 3018 423
1450 423 623 736
1451 5298 5785
1452 194 5130 1087
1453 1087 4932 423 192 5130
1455 3052 4040 3460
1456 3052 1351 1450 194 5130 3410
1457 1446
1460 1087
1461 1087 192 4465
1462 192
1464 3018 5130 623
1465 1754 751 3450 156 3699 5130 5298 1193
1466 192 2189
1471 156 1087
1474 156 2886 1087 1811 3000
1477 2642
1480 647
1481 2886 1193 1119
1482 4726
1483 4932 1193
1484 2846 736 2394 1981 4184 5130 1351 1754 191
1485 1450 423
1486 3018
1487 1193 2840
1489 194 4761
1490 192 5052
1491 3018
1494 5785
1496 736
1497 1087
1498 1850 4184 2194 4932 1193 1754 3951 5785
1499 1193 1164
1500 5785
1502 3018 1124 1087 1273
1508 4829 4465 194 192 5785
1510 1754 3018 1087
1511 423 5785 5298
1512 5785 192
1514 1087
1515 3157 910
1516 5785
1517 910
1519 1604 1119
1521 4465 1754
1522 647
1523 1193 4465 548
1527 1193 3018 2813 3450 4726
1528 1181 423 1942 5785
1530 4465 4956
1534 1747 1050 2647
1535 1853
1536 192
1537 5052 1193
1541 3018 1732 2375 1420
1542 1163 936 3222 1850
1543 2406
1544 3410 5130 156
1545 751 1273 1754
1550 1163 1087 1193
1552 5680 1273 4465
1556 3411
1557 2642 647
1558 4040
1559 1119
1562 4632
1565 3730 2642 3000
1567 910 156 5451
1569 2642 1732
1572 4461
1573 751
1574 4465 3018
1575 1747
1576 1193
1578 3951 1853
1579 3951
1581 4956 1754
1582 3951
1584 1193 2886 1245
1585 2394 751 4956 2642
1586 423
1589 4726
1590 1351
1591 5392 1853 1193 5300 4726 1119
1594 1119 1087 1732 2846
1595 1853 1911 1087
1596 3330 5680
1597 1853 5680 929 1754
1598 4465 1193 1119 1251
1599 1853 3000 1193 3951
1601 1193
1603 1193 2886
1604 2017
1605 2846
1606 1119
1607 1087 5044
1608 1193 3411 4726
1609 2642 4645
1611 192
1612 1754 423 4465 3699 5300 5680
1613 751
1614 3411 1112 2780
1616 3951 1853
1617 4184 1087 1351 1112
1618 5044
1620 1351
1622 1754 1087 4956 423 4465 3018 5300
1623 2846
1625 2840
1626 1193
1628 3000 5785 3771 751
1630 3018
1632 3018 4465 2642
1633 1087 2642 1193
1634 3018 2406 5130
1636 4956
1638 1302
1640 5298 2014 3000
1641 4726
1642 1119 1193
1643 1201 1100
1645 751
1646 192 5785
1647 1555 1811
1648 1087 2886 1193 1853 5680
1649 4256 751 3410 5785 1193
1650 1193 192 4829 1087 3000 1420 4465
1651 4465
1652 1316 1193
1654 1193
1656 647 1193
1657 1339 2886
1659 1193
1661 1193
1663 4726 1087
1664 1120 5451
1665 1193
1669 2886
1671 1193 1424
1672 929 1112
1673 2846
1674 4446 156
1679 2780 5052 342 1193
1681 1193 5537 3411
1683 1163
1684 1853 2846 342 4465 1811 1193
1685 5300
1686 5052 1193 5451 4726
1688 4726
1689 929 1193 1754
1690 2983 4292 3018 2488 2406
1691 1193
1692 156
1694 342 1087
1696 1811
1703 192 1754
1705 2062 1853
1706 1087 1754 1424
1707 1087
1709 3951
1711 1193 4726 1305 4746 1087
1712 4956 1201 5310
1713 2983
1714 2011 2846
1715 5317 5680
1716 1775
1718 1940
1723 1811 3951 2904 936 5009
1725 4726 2846
1729 5130 1738
1730 5300 1732
1731 1853
1733 423
1734 423
1743 230
1744 5052 1853 2886
1747 1087 1193
1748 1193 4184 4515
1749 5130
1752 5052 2246 230
1754 1193 2189 192
1756 2488
1757 1193
1759 3018 4465
1762 5785 4465 1550 2642 2014 1942
1765 1273 2246
1766 4465
1769 1193
1770 4465 5300 1087
1781 5052
1784 4859 5052 2846
1786 1087 1754
1787 4956
1788 1087
1789 1087 5954
1792 5785 1273 1087 3018
1793 4465 2062
1794 1119
1795 1193
1799 4465 4577 4726
1802 1193
1804 1193
1806 1853
1814 936
1817 5300
1818 1193
1819 423 2642
1821 1754
1824 5680 5331
1825 2014
1826 2904 4040 1193
1827 3410 751 4632 2642
1829 2983 752 1754
1833 751 5680
1834 3951
1835 1193 1732
1838 2011 912
1839 5451 4632
1840 3411 2011
1841 2687
1842 2246 3018 156
1843 2846
1845 3951 1193 1853
1846 2983 1853 4465 342 1450
1847 2983
1848 3951
1849 1754 5410
1851 423 2846 5052 1754 4465
1853 4746 3771 1754
1855 1087 1193
1859 3771 2014 1193
1860 2011 1087
1861 2983 4184
1862 1347 2014
1863 5052 1087 1193 1754 751
1866 5052 1119
1869 1087 5300
1873 423 342
1874 1754
1876 1853
1877 548 2062 1754
1878 2886
1879 751
1881 1087
1882 2846 2897 5451 1193
1883 5300
1886 4726
1888 1245
1889 936 2846 751
1890 1193 1450
1891 4465
1892 4726 751
1894 1775 2846
1895 1087
1896 4726 1305 5680
1897 5130 751 4726
1898 4956 5392 5317
1899 2846 2983
1901 1193 666 3421 3518 4275 3460
1903 1193
1904 1087 1124
1906 3951
1907 1193 3411 5298
1908 4726
1909 1853
1910 1193 1087
1911 3000
1914 4726
1915 2647 839 1087
1916 1979
1917 194
1920 4726
1921 1141 3411
1922 751 1193 2859 423
1923 4800
1924 1119
1926 2983
1927 156
1929 2846 2983 5451 5680 647
1930 1087
1931 751
1933 1087
1934 423
1935 2983
1942 2011
1943 751 1193 2886
1948 1193
1949 1732 1087
1950 548 4726 1853 1193
1951 1018 751
1956 1732
1957 5680
1959 751 1850 4083 5870
1960 423 5331 1754 5052 1087
1961 1446 3410 751
1962 5130
1963 3410
1966 4726 1112
1968 2062
1969 423
1970 751 3588
1971 2011 1450
1975 1754
1976 751
1978 5044
1979 5088
1980 2406 5298 5785 3052
1989 2011
1991 1242 1193 4726
1992 2394 1193
1993 1351 5331
1995 1087
1996 423 2909 5044
1998 1754
2000 1940 1754
2003 1193
2004 5298
2005 3969
2007 1193
2008 1087
2011 4726 423 736 1446 2886 3078
2012 2062 4746
2013 2983
2017 194
2018 1424
2020 1087
2021 194
2022 2017 4956
2023 2840
2024 1193 1273 1087 3411
2025 1273
2026 156
2027 3052
2028 1351
2030 2846 1450 1302
2033 1193
2034 1777 5721 751 5994 2062 423
2035 1087 5411
2036 1193 2886
2037 2011
2038 548 2014
2039 3000
2040 1754 1853
2041 1087
2042 4811 5680 3027 4746
2044 2642 1251
2045 1193 2642
2046 751
2047 3411
2052 2246
2053 5061
2055 5357 4275 751 1979 5300
2056 1193 4726 1119
2058 3410
2062 1193
2064 1604 4465
2070 423 1119 929 5785 1754 2846 1193 2189 2897
2072 4726 1087 2813 1193
2073 1193
2074 2246 4465 5044
2077 4726
2079 2886 5680 1193 4726
2080 4645
2082 1732 423 4465
2084 2406 1087
2086 423
2089 3018
2096 4465
2097 2846 4865
2098 2846
2100 4465
2102 1087
2103 423
2104 5680
2105 4726
2109 5310
2110 5946
2111 1112 5298
2113 1351 2059 2886 1193 1979
2114 647 1853
2116 1193 1119
2117 2859
2119 1775
2120 742
2121 2846 5300 5052 1193 751
2124 1120 4726 929
2125 2406
2126 5518
2127 4746
2128 5130 1087
2129 1747
2133 1193 5451 1300 647 1853
2134 751
2135 1193
2136 1193
2138 4577 5680
2139 5052 1087 3410 751
2141 1747 4726 5052 1732
2142 751
2149 1811
2150 1193
2152 1339
2155 5680 4726
2160 1193 794
2161 423 4465
2163 2886
2164 3951
2166 5300
2174 5300
2180 1193 5300
2182 1850
2186 2062 5300
2188 5357
2189 1347
2191 5680 1193
2192 1193
2193 1087
2194 623 1305 4446
2195 1193 5451
2196 1351
2198 1119
2200 3018
2201 1273
2202 1853
2207 3018
2210 5052
2211 5298 623 1112
2212 1351 1112
2213 4184
2214 5320 4956
2216 751 2642 3027 1853
2217 1164
2220 3027
2222 5300 4726
2223 1940
2225 1193 5300
2230 5537 3283
2234 1112
2235 4726
2237 4465
2239 2846
2243 5052 736
2244 2014 2846
2246 1193
2248 4465 2406 5785
2249 1850
2250 1087
2252 1087
2253 1087 2886
2254 5300 1754
2258 2394
2259 1119
2260 548 5300
2262 1754
2263 1087
2264 2846 647
2267 1775
2268 5098 4487
2271 1193
2272 1940
2277 1853
2278 1351 1193
2279 5052 3018
2280 4956
2282 5052
2285 1087
2287 5044
2288 4932
2289 4465
2293 192 168
2294 4726
2295 194
2296 2062
2298 2642
2301 2846 548
2304 3689
2305 1273
2306 530
2309 1747
2312 1087
2314 1940
2315 3517 709
2316 5785 5298 3389 423
2318 5680 1193 1420 1942
2319 647 1193 1811
2324 194 1523 423
2325 192 423
2333 1940
2336 1853 1754
2338 2011 1811
2340 751
2343 3011
2347 3771 1193
2354 2846 4726
2360 1754
2361 4275
2367 1853
2368 548
2371 1940
2372 1193
2373 4465
2377 1351 1124
2379 4598
2380 527 4465 1193 3588 1754
2383 1747
2385 1193
2389 2780
2390 3771 1193
2391 5785 742 1120 1018 3460 3691
2395 1193 423
2399 1087 2886
2403 3518 4275 1100
2405 2886
2410 5052
2411 1193
2413 5052 4726
2417 5680 5098
2418 751
2420 3411
2422 2642
2423 1087 2062
2425 742
2426 2823
2427 423
2434 1193
2438 1193
2440 1100
2442 751 423
2444 1351
2446 4726 1193
2447 1754 751 4465
2448 1193
2450 623 1351
2452 3411 1201
2453 3411
2455 1351 1273
2458 1351
2459 423 4800 5785 5298
2460 1351
2461 736 1193
2462 1940 1193
2464 3411 4465
2467 1351
2470 4932
2471 2840 1305
2472 4040 1853 5680 1747
2473 1193 2175
2478 5052
2480 5634
2485 751 1911
2486 1450 4726
2490 4577
2491 1853
2492 1273 1754
2493 4465 1754
2496 1087
2497 1087
2498 751 647
2500 4577
2504 1273
2505 1598
2506 1193 5310
2508 4040
2515 751
2519 1450 1273
2521 1193
2522 5451 5680
2523 1754
2525 1087 1193
2527 1193
2528 3389
2530 1112 194
2531 5680 423 4726
2532 1087 2014 5357
2533 751
2535 4726
2540 2840
2541 2886
2544 1942
2546 1732
2550 4446
2552 1747 4746 4726
2554 1087 1305 1940
2559 1193
2563 1754
2566 1087
2569 751 1446
2574 2014
2576 1911 1351
2577 1351 5410
2578 1850 1193 1732
2579 5785
2582 156
2583 4726
2584 1732
2586 751
2587 1940
2588 3691
2590 936
2592 5946
2594 751 929 194
2595 4956 1598
2596 1351
2597 1193
2600 4956
2601 5680
2602 3460
2607 1339
2611 1087
2616 2187
2625 5300
2626 1446 2909
2629 1940
2630 4275
2634 1193
2639 1446 751
2649 1754
2650 5052
2652 4184 1754
2653 1273 3018 423
2656 1273
2657 1351
2658 194
2659 1087
2661 1273
2664 1747
2666 3411
2667 4577 1351
2668 4446
2670 194
2672 194 1351
2677 1273
2678 194
2679 1273
2680 5392 4577 4840
2685 1598
2692 1940
2693 1351 2846 4829
2700 4487 1596 5088 1850 1100 1193
2702 4956
2703 5392
2704 1193
2707 1193
2710 1305
2714 1424
2719 4275 1193
2721 1193
2722 1087
2724 3000
2725 5098
2726 5300
2727 1732
2730 1273
2731 794
2734 5052
2735 1853
2736 751
2744 1754 1124
2745 1940
2747 1201
2748 1193
2752 1305 751
2759 1193
2763 1193 1087 1163
2764 1112
2765 5451
2768 194
2769 1351
2772 1193 4645 751 1604
2775 4726
2777 3516
2782 1193
2783 1940 1087
2784 1754
2790 4275 3518
2791 1124
2793 1940
2794 4465
2796 1850 527 4726
2799 1754
2801 1193 929
2809 647 4465
2810 4446
2817 1754
2818 5680 4184
2820 1853 1193
2821 2983
2822 1940
2823 1754
2829 2014
2838 2014
2841 5785
2842 1850
2844 4184
2845 751
2849 2886
2857 423
2858 751
2859 1351
2862 1351
2863 751
2864 1351
2872 5052 1305
2878 4465
2879 4465
2885 2011
2888 910
2890 423
2892 2642
2894 751
2898 2846 1424 1578
2904 936
2918 1853
2919 423
2930 4645
2931 4184 4726
2934 1940
2941 4184
2943 1087
2947 1754
2951 1273
2953 1193
2962 2406
2967 5052
2974 1193
2984 1087
2991 4645
2992 2394
2995 2488
2996 2886 1193 751
2997 2394
3000 4645
3001 1940
3006 736 3951
3010 342
3017 5300 1347
3022 2104
3030 1273
3037 1193
3044 1087
3045 1087
3047 5829
3048 5052
3049 1164
3050 423
3053 423
3059 2014
3062 1604
3068 1732
3075 5680
3076 1754
3094 1351 1850
3111 1193
3121 1245
3129 4275
3132 1604 1754
3140 1087
3158 4645 751
3163 5680
3174 1732
3175 1100
3180 1193 751
3181 751
3187 4465
3191 4645
3192 4726 1193 4832 5052 1979
3204 1732
3230 1351
3232 1087
3235 4726
3236 4577
3253 1273
3255 2014