0 1202 3170 1112 305 101 1945 5541 4948
1 4956 5876
2 5633 58
3 418 397 4742 5652 2231 2030 58
4 418 2897 5179 1754 4310 1957 101 421 3507 342 1896 3170 183
5 2341 5876 3408 3838 397 5154
6 1450 4956 5154
7 2175 2461 3691 397 5948
8 4742 183 4956
9 5154 418 183 1945
10 4742 2030 1644 228 101 623 1596 183 4866 35 4829
11 1347 58
12 101 4829 2461 4742
13 397 3180 342 5196 3052 5154
14 5395 58 5154 2967
15 4589 3460 3838 4303 194 735 397 3052 4742 5385
16 183
17 4742 183 1754
18 1388 4956
19 1202 517 3052 397 1833 5946 5220
20 5154 5655 397 5876 3010 4303
21 3170
22 2269 735 486 1596 4416 936 348 418 5154 3010
23 5482 418 1112 5154 3010
24 4742 342 1646 5876
25 1100
26 2076 5154 2030 5395 2967 101 1596 183 2315 397 228 3010 305 1202 58 936
27 3434 5876 5655 3111 418 5154
28 5876
29 2030 230
30 5196 4124 3010 183
31 1164 5555 228 5876 1424 5154 423
32 183 3010 1957
33 183 410
34 5876 3010 5655 1754 183
37 4956 3389 183
38 517 3010 1754 735 3517 397 5655 5482 418 58 2046
39 4303 2461 4932 2647 1302 3010 1450 3507
40 5154 4742 183 735 230
41 5154 4956 3052
42 5327 4605 1316 348 1242 342 4416 418
43 3170 5876 397 101 735 4814 3257 5098 5327
44 1644 2461 4303 5327 4742 5154 228 418 2341 647 5179 2593
45 183 58 1957 5395
46 3011 3389 4256
47 2647 5446 5327 1754 101 4742 5170 418
48 735 5876 3010 5482 1945 5154 418 397 58 5655
49 3010 4956 1754
50 230 735 418 2046 4742
51 3010 397 58 228 5154
52 2175 5154 4256 4303 1779 3052 4956 5310
53 1420 3389 58 145
54 5154
55 5327
56 3389 423 228
57 4580 5154 4577
58 1087 397 1747 3691
59 4303 1779 1388 5482
60 5395 3838 3010 647 397 1305 228 2461 3389 3366 4598 1644 2593 5179 4303 735 5170
62 5482 5154 3010 397
63 101 2030
64 5154 228 397 5578 2593 3010 3410 735
65 397 1779
67 1141 4814 3730 5154 2030 4742 4580
68 5555 5876 5154 4589 3529 228 397 5482 5179 517 2030 5948
69 1896 5179 517 4275 2121 418
71 3052
72 397 3460
74 5154 1302 3389 5876 1087 5392 228
75 397 1754 5154 5876
76 5154 5327
77 5154
78 5154 3507 2461 397
79 3507 1779 1747
80 1164 5876
81 348 4956 3389 5154 5876
82 5154 3052 418
83 5655
84 5652 397 5154
85 1347 2813 5876 228 1578 5655 397
86 3460 3010
87 4310 4256 2859
88 3460 423 5154 2030
89 228 5655
90 5876 397
91 2846
92 397 2461 3180 5482 58 5329 228 3460 2341 5154
93 397 1779 4541 936 4577
94 397
95 1305
96 2121 4742 58 1185 5555 3010 1499
97 5154 3010 397 228
98 3052 3010
99 418 5948 1087
100 1087
101 5482 5154 3518
103 4932
104 397 4742 418 3366 4932 5948 2046 5220 101
105 2030 5541 183 3838 4256 4742 751 4948
106 58 5154
107 3389 2846 3010
108 1450 5876
109 228 1305 5634
110 3434 418 5876
111 5634 5652 4742 101
112 3010
113 5154 397 4742 2461
114 1499
115 4303 4829 58 5154
116 1164 5154 397 4742 3010 4303 5327
117 3010 1201 3434 5482
118 5876
119 3389 3010
120 1747 5154 397 3010
122 623 5652 5154 3434
123 5482 58 4742 2759 2461 4303 5154 3010
124 418 3838 228 5876 4303 2593 647 735 5948 2341 5179 5154 2046 4580 4742 397
125 5655 3052 397
126 5876 1754 397 3838
127 1850 1945 5154 4742 418
128 4742 3010 5482 397 3111 228 4932
129 2175 1302 3010
130 3389 3010
131 4956
132 5154 2461 1185 58 397 2341
133 1388 3389 397
134 4956 5876 101 397 418 4958 58 2759 4303 5154
135 1732 5327 1394 1242
136 194 5310 397 4958 5357 751
137 3389 1201
138 5876 3010 910
139 418 5154 3434
140 423
141 5154
142 4256 5154 4303
143 1450 4742 4256
144 5655 348
145 5876 5154 4303 3469 397
146 423 1779 3010
147 5154 194 5482
148 5154 3010 735 3052 5655
149 1957 5310
150 1779
151 4956 397 418 735 5154
153 4742 4303 5154
154 3389
155 421 397 5633 5154 4303 5655
156 1388 1242 1596
157 5170
160 5154 3052 3010 4866 4956 397 3434
161 5810
162 1087 5154 1302
163 228 3840 2846
164 1945 735 4303 5154 397 3389
165 58
166 1754 5655 4956 5876 4303 3010 1779
167 238 4577 5154 228 418
168 3389 3052 4303 5154
170 5395 623 58
171 735 4303 5876 3434 5154 305 397
172 623 5876
173 2231 3469 3460 5948 2030 5196 3389 3529 5876 2593 2897
174 2461 2846 1425 1578 5154
175 2647 5652 397
176 3010 5154 3838 910 5655 3389 1388 4956 4303
177 1112 5876 5154 3434 397
178 3260 1833 5876 4695
179 5196
180 4303
181 2846
182 5220 5170
183 3052 397 5154
184 4580 101 58 5876 397 4742 421 5655 3170
185 1446
186 5154 2461 5876 3993 5170 1945
187 1644 4303 3010
188 2967 348 2909 5876 5009 4040
189 58 397 5482
191 5876
192 5310 3389 3010 5948 2341
193 5876 1779 5170 3389 3010
194 3010 35 348 5482 183 4303 101 58
195 1747 397 3838
196 5876 5170 4124
197 4124 5876
198 2461 5154
199 5946 397 1425 4829 58 5310
200 2461
201 910 397 5154
202 5633 752 4303 342 5876 418 3507
203 735 1424 2846 2175
204 397 1087 5154
205 1087 5154 3993 1945 4956 5876
206 5385 3010 5652 418 3434
207 236 5154 3052 2461 3389 183 3840
208 910 5482
209 397 2175 5154 517 5482 4742
210 5154 402 5482 4580 3460 397 2461 2341
211 2461 3010
212 3180 3366 2341 5395 145 4742 5154
213 4956 2461 2341 5154
214 5154 397 3010 735 5652
215 4541 58 1087 5482 5170 517
216 3507 1202 2967 183 2461 4303 101 5154 2269 145 4948 1596 3366
217 5154 2341 4577 3052 397
218 101 3052 5154 2461 4742 2046 3548 230 4958
219 2897 4958 101
220 58 5876 397 423
221 4303 3389 5154 5652 397
222 348 5655
223 101
224 3389 4956
226 1945 5154
228 3469
229 5154 3507
230 5876
231 5154 1896 3389 423
236 4742 5154 1112
237 2341 1555 5482 5948 2030 5196 5876 3010 2461 418 5170
238 423 5170 5154 58 4303
239 1732 5451
240 3389 4303 1779 4814
242 397 5154 735
243 5876 101
244 5179 735 2967 35 1424 101 517 1499 5154 726 1945 183
245 4956 5876 5385 3052
246 397 421 5154 5395 1981
247 5876 1388
248 2647
249 5170
250 1896
251 3010 1754 228 5876
252 3389 5946 58
253 3389
255 4303 397 348 3469 735
256 5395 2859 238 5310 1018
258 3170
259 397 5154 5482 2813 418
260 3389 1302 5652 4303
262 5385
263 348 517 4956 2175 3010 4695 4303 5876 397 1779 1754
264 418 3010 397 58 5220 5154
265 423
266 2846 5385 517
267 228
268 228
269 1957 397
270 4589
272 5154 2394
273 2897 397 58
274 910 623 2846 4956
275 4958 5154 397 4577
276 2104 1305 5385 5652
277 3010 5451 1833 5179 418 397 5948 3389
278 1833 3389 58
279 58 839 1014 101
280 4541 735 4932 4303 5652 1945
282 5876
283 3010 58 5154
284 3389
285 1302
287 101 5876 5179 3389 1604 1302
288 4303 3389 397 1388 5655 1112 2175 1087 5154
289 4956 5652
290 4303 735 397 423 910
291 397 5652 1164 4598 101 423
292 397 1112 3257
293 228 3257
294 1833 1450 1424 1896
296 3010 397
298 5154 1596
300 1779
301 58
303 58 4932
305 228 397 101 4695 5154 3389 5655 5170
306 623 5652
308 5876 397 2759
309 5652 2175 1942
311 1833 2647 3389 1302
312 5652 1779
313 2175 1305 1302 3469
315 397 4598 5385 101 423
316 5876 397 5555 5652 4303
317 423 3507 5154 3010 101 3111 4956 5555 2315 1945 418 2967 4382 1302 695 2175 397 4589
318 1164 228
319 5810 3366 517 3822 4605 3010 183 1499 2269 101 4303 2967 1644
320 1896
321 1062 2461
322 3469 5154 58
324 228 1945
325 3010 397
326 735 5098 228 1911 3010 5876 3434 4416
328 2030 397 5154
329 1604
330 5876 5154
331 5154 3389 5196 183 1347
332 1424 3389 5876 5170 101
334 4083 397 2897 4580 5317 3469
335 2394 486 3389 4303 410 342 3260 5395 3010 5652
336 5154 5948 397 735
337 4742 58 5044 5876
338 101 5451 2759 4958
340 2030 548
342 5652 3260 397 2046 2361 354
343 3052 1578 397 5154 735
345 5634 517 1953 101
346 4956
348 5411 397 1112 5310 4956
349 3052 5876 2030
350 2897 1957 5876 5395 397 517 3010 1779 5385 101
351 1018 3469
352 5220 5652 5395 3389 3507 101 2394 418 3170 735 910
353 5876 4303
354 5327 4541
355 5310
356 4605 423 194 5196 228 4303 1100 3507 735
357 397
359 101 397
360 5876
361 3730 1424
362 3389
363 3389 397 5655
364 1604 3389 5876
365 397 423 5652 4956
366 1273 3518 2175 101 5154 1242 1388 4416 936 1945 1957 5655 5392 2070 2030
367 3389
368 1896 4695 1087
369 936 2983 4416 418 423
370 677
371 228 4303 5652
372 101 5876
374 3366 5876 3257 3010 4956
375 3052 423 5655 397
376 397 58 5876 3507 5154 5655 735 623 5196 2461
377 5652
378 5876 228
379 3389 397
380 228 2231 4956 35 101
381 4742 3389 228 183 397
382 5652 3389 5154
383 4589
385 4580 58 5154
386 5154 910 5652 3389
387 3507 4695 4303 5482 228
388 1942 4956
390 4956 3010 183 3548
392 5154 1945
395 4303
397 5876
399 5170 5154 2647 2030
400 1754 3260 342 5655
401 4956 5876
402 3011
403 145
405 354 5876 1896 228 328 5634 1646 5652 1754
406 3460 5876 3010 5154 4814 5179
407 3434 910
408 1100 3011
409 1112 2030 58 910
411 194 5876 58
412 1302 3560
413 3434
414 418 5395 1754 1201
415 4956 2175 5196 4541 1421 623
416 5876 418 5392
417 423 3052 5044 58 238
418 3838 228 4956
419 5154 58
420 5395 4742 418 5482 5327 2759 2461 3170 5154 1424
421 58 4577
422 5876
423 5154 4303 1754
424 5154
425 58 1014 1833
426 3389 1499 5220 58 183 5154
428 5154 3389
429 5876
431 3366 5220 4742 1450 5948
432 3389
433 5154 4303 726
434 5154 1141 397 2867 1945 1112 2341 5482 3039
435 5876 101 58 5154 4303
436 1779 228
437 228 1911 1945 5154 4303 5652 418 4932
438 3010 1450 726 4303 4956 3011 418
439 4303 4956 1945 1779
440 4303
441 423 3389 4303
442 1087 5876
443 910 5170
444 4303 2846 5652 228
445 1896 5876 2175
446 3389 3010
447 423 4303 4956
448 5652 3434
451 5331 4956
452 5179 1833 5876
453 238 58 1388
454 58 228 5876 397 1300 4541 2897 1087 3010
457 397 5385 1100
458 228 1087 397 3389
459 910 1087
460 5652 1087
461 3434 228
462 418
464 4956 423 228 1754 4275
465 3010
466 35 1302
469 5154 4769
470 228 735 5876 5948 5652
471 5876 5655
472 194 228 3389
474 397 228
475 3517
477 5655 228
479 5154 58 5634
480 5634 228 1578
482 1164
483 3518 517
484 1388 5652
486 348 5154 3010 5948 397
487 5876
488 4303 5876 397 228
489 5876 3039 5154 397 1779 1646 4303 1141 1945
491 3389 1388 1018 5652
492 517 1087
493 3691 423 4541 3389
494 5876
495 101 423 2394 5154 2967
496 1596 1087 3052
497 397
498 751 5876 735 1754 228
499 1779 4598 5948 5876 3529 1018 5946 397 3111
500 101 58 4958 3469
501 1896 228
502 1302
504 58 5876 3389 5652 5044 4303
505 423 3389 418 5154 2846
506 2175 5652 5948 305 3548 5154
507 3389 1424 1388 4303
508 4695 3507 101 2846 228
509 1945 4956 4303 5652
510 4303 4956 423
511 2846 5876
512 1896 2897 3052 1833 3010 348
513 5876 3460
514 1779 4303 3257
515 4832 5541 5154 3010 3389 348 397
516 517 3507 1014 397 228 4958 2231
517 5948 5652 3529 228 2175 5154 4746 4303 2231 4416 3257 2030 5876 2315 2846 5196 548 4382
518 5655 5876
519 228 4589 418 2030 5652
520 4932 1388 4958 4310 5154
521 4303 1754 5655 5652 4598 4956 5876
522 3507 3389 2315 5196 3366
523 517 397 5154 5876 910 1779
524 101 5876 397 4956 5170 228
525 5310 1424 5652 2846
526 228 397
527 2175 1420 5876 5154 1945 397 1302 4303 1087
528 194 5731 3010 4580
529 5154 5948 4303 3389 1450
530 2394 228
531 4956 3170 1754 397 2030 623 2231 183 1328 5179
532 3460 328 2231 2897 5876
533 397 2231 5876
534 2846 2175 3052 5652
535 5044 5327
537 3840 5220 3052 397 3389
538 2461 3010 397 342
539 1424 2030
540 4814
541 1087 3010 5876 397 1201
542 5154 5652
544 1424 5876
545 1911 4814 726 410 1646 5652
546 5482 910 4303 3434 3010 1112 5154
547 2813 5154 5541 5876
550 5876 5395
551 1896 3840 4589
552 5652 5680 3283 5196
553 58
555 3010 517
556 5310
557 1754 5876 3111
558 1896 2070 486 3010 101 1202 183 1596 1499 3039 2967
559 4742 58 397 3170 421
560 194 1388 1112
561 3010 4956 3840
562 4541 145
564 4956 3010 4866
565 5948 1388 58 3389 2175 5327 4303
566 5655 4956 2030
567 5154 348 4956
568 4303 5392 5220
569 4303
570 5154 1779 3730
571 342 5652 145 2846
573 5655 4956 1644
574 342
575 342 2846 4303
576 1754 3389
577 3460 1009 3052
578 3011
579 1957 3840
580 3460 1942 4956 1754 5154 4958
581 1754 1646 4541 3389
582 183
583 4956 3010 5220 3389 5876
584 1754 1388 4956
585 101 3052 517 58
586 5154 1523 5170 3838 3052 4580
587 3052 4580 410 4303 2461
588 4303 183 1754 4256 4742
589 1087
590 228 3389
591 2461 3469 3010 5876 183
592 3389
593 423 1388 1779
595 5876
596 2461 183
597 1945 397
599 5876 2175
600 4124 735 3010 5154 4742 1596
601 3389 5154 5634
602 5537 418 5482
603 58 397 3010 228
605 4866
606 1014 1164 3840 2967 2030 3010 1896 1202 1201 5392 183 2877 4303 936 1499 2315
607 1644
608 183 1957
609 228 58
610 1202 5946 5385 58 1100 4948 2030
611 838 5154 3156 4310 3170 936 101 2759 58 397 5482 3010
612 4956 183
613 5154
614 3052 5541
615 3010 2461 4580
617 1596 5628 58 1347 5327 5154 1302 936 2030
618 1945 735 397 5652
619 3010 3389 194 4742
621 1302
622 5876 1754 4956
623 397 4580
624 910 183
625 2967 1420 794 101 2121 5154 5652 4637 726 4124
626 3010
627 1302 3840
628 3010 3389
629 2461 1450 4256 495 397 1523 517
630 4866 1747
631 5385 5154 517
632 183 1754 4303 3389 4956
633 5044 3010 5385
635 228
636 4956
638 418
639 1754 1305 1779 5655
640 4303 228
641 3434 3010 3389
642 194 517 397
643 418 194 2461 4124 4580 3389 5154
644 1202 194 1911 3010 1014 1596 1644 4605 183 4956 3123 936
645 3469
646 3010
647 4303 3434
648 4416 1273 5170 1202 1896 4948 5327 1578
649 1424 3011
650 910
651 5482 3010 5876
652 1112
653 342 1646
654 4256
655 3010
656 5876 3460 5652 1779 1644 3389 4956
657 5154 486 5170 410
658 3389 1302
661 871 342 183 1450 2461 4580 418 647 101
662 5220 5948 5482 1754 3010 4742 397 101
663 5170 3010
664 2341 4956 2461 5876
665 3091 3104 1747 4416 101
666 5876 4956 3010 5634
667 3840 1087 5876
668 3283
669 1141 5652 952 5154 2759 4742 1945 397 2867 5482
670 1100
671 1754
672 623 5385 5652 3434
673 4956 5876
674 4645
676 5154 5170 2461
678 5876
679 1644 418
680 517 3011 410
681 1754 3389 4256
682 183 3011 4256 410 3548 5395
683 3010 5196
684 517 1644 58 1087 101
685 228 1388
686 2846 5655
687 3010
688 2647 1302
689 1302
690 4303 910 3389 3010 423 3840 5170 418 4956 3838
692 4956
693 64 3730 58 3104 4256 101
694 838 5652 3730 4742
695 910 4956 5154
696 3389 3052 4637 101 4948
697 194 2840 4083 1793 5628 421
698 4589 4303
700 910
701 4742
702 3010 5154 4310
703 5170 4956 228
704 228 5652 4956 1388 3389
706 5876 5652
707 3840 3517
708 318 1896
709 1273 1242 101
710 4742
711 2341 5154
713 3389
714 2341 397 5154 194
715 5220 4956 5154
716 4541 5154 4742 418
717 3838 4303 3434 5876
718 1202 1112 5482 1732
719 4742 5154 5395 4956 2341
720 4956 1018 1779
721 2461 3011 5220 4956
722 4956
723 145
724 3010
726 1896 58 130 418 5044 695 2461 3180 1302 318 1202 871
727 5154
729 910 4956 5154 1388 1779 3840
730 305 5154 3389
731 5655 1100 5876 4695 5220 910 418 3010 5628 5170
732 1424 5310 228 35 2759 5652 397 4956 4958 4598
733 3460 1896 5876 2897 4303
735 3840 5170 1302
737 101 4310 2269 1596 5170 5154 3010 3518 418 735 1242 4695 936 4605
738 3518 2046 936 3993 101 2269 4605 4695 3010 418 228 2983 410 735
739 2461 4956 5170 1302 4275
740 397 2341 3010
741 1644 397 5154 3838 183
742 4956
743 5876 1112 397 2175 58 5154 2030 2967 3283
745 5655 4956 1754 5810 4303
746 3010 1302 3389
747 4956
748 5154 3469 4580 5482 1164
749 2687
751 3389 1957 228 2030 1779
753 3434
754 2175 4956 3010
755 4303 5154 5876 1945 2341 397 4580 58
756 5170 3010 3460
757 517
758 4840 5482 5154 421
759 3460 3010 1164 4956
760 5876 4956
761 423
762 5518 5655 3010
763 1450 4303
764 4956 3434
765 5634 5680 1450 4256
766 397 4742
767 3389 4577 2461 5170
768 4956
769 1388 1945 5655 1957 4956
770 397 418 5154 3838 4589 4829 58
771 397
772 3434
773 5652
774 4605 1596 1100 4956 101
775 1302 4866 5154 3434
776 342
777 1302
778 2461 101
780 3840
781 2461 1644 4256 4956
783 3389
785 3840
787 1646 2846
788 5154 5196 2104 3170 3010 421 5655 2175 3260 397
789 5876 3460
790 421 5655 3389 2759 1833 397
791 3010
792 5170 4303 3389 3052 4956
793 5170 5652 1578 5196
794 1087 1550 4577 3052 397 5876
795 3389 5385
796 3691
797 5946 4303 1100 397 58
798 5154 397 183
799 3469 910 5652 5154 3434
800 397 1896
803 1450
804 3389
805 5876
806 1302 5154 1779 5652 2030
807 3389 4695
808 1945 5154 5876 4866 5220 348
809 228
810 5876 5634 3389 4303
811 3518 418 3389 4303
812 1424
813 3389
814 397 5655 1957
815 4303 2175 1424 397
818 5876
819 4416
820 4958 2030 3389
821 5876
822 3180
823 5876 183
824 397
825 1328 517 4956 3389 2967 5652 4056
827 183
828 910 4956
829 2175 5154 397
831 5876 1754 2315 1302 1120 228 3507 2046 2030 5196
832 418
833 194
834 58 2813 4303 418
835 2846 4303 3389 1087 1164 5537
836 5154 3010 342
837 2231 3010 228 2315 5196 348
838 1450
839 5395 3730 2461 418 5154 5482 5948
840 3010 910
841 4541
842 5876 4956
843 183 145 101 2967 2269 1523 4605 1644 1305 5392 2461
845 2030
847 423 1779 5948 3010
848 5876 5154
849 936 397
852 1779 5633 3389
853 2231 228 4956 3691
854 5154
855 735 5154
856 3460
858 3010 5876
860 4956 5179 5652 397
861 5482 3730 1018 5154 2121
862 3548 397 1754 2175 5876 3366
863 58
864 5220 3010 4956
865 342 751 1732 58 5154 3840
866 35
867 5634 145
868 3822 5220
869 5634 397 1896
870 101 1014 2846 4695
871 4956 5652 3389 3838
872 397 101 2271 1245
873 2030 5482 2871 397 418 3170
874 3389 3840
875 5179 1087 5154
876 5876 1833 3507 423 4695 421
879 2046 3283
880 910 397 1896 418 101
881 423 4695 5876 4956
882 3389
883 4303
884 5154
885 5948 1087 1302 548 423 838
887 5655
889 228
890 1424 3389 5652
891 2647 1779 5170 101 397 5876 1302 2759 910
892 2030 4589 3389 2231 3507 5731
893 2859 4303 4310
894 3389
895 3389 4303 5655 5731 397
896 5154 397
897 1014 2394
898 3052 101 423
899 548 2877 5154 3389
900 1499 2121 2967 3389 342 2315 5655 3840 5220
904 3434
905 397 5154
906 5876 1779
907 2461 194
908 5179 5876 228
909 3052
911 3389 3469 397
913 4303
914 2846
916 4303 3010 348 5876
917 5578 423 1945
918 1945
919 418 2897
920 5876
921 5876 228 397
922 2846 2046 5652 397 4303 5154
923 418
924 3469 5634
925 735 5154 1087 3010
926 1779
929 5170 1896 3010
931 1896 35
932 4956 5220 418
933 421 1896 4695
934 3389
936 101 423
937 397 3180
939 101 4827 5876 1779 2461 1896
941 58 101 35 4958 1896
942 4695
944 101
945 2070 183 1499 1087 145 101
948 423
949 228 397 101 421 5098 5876 4589 2231 3389
950 5154 5876 3052
951 4589 4580 423 1732 1202 1273 1014 910 1550
952 3452
955 1911
957 2175
958 1087 423 35 2647 1112
960 5044 58
961 58
964 1245 4577 1164 4956 5948
965 5392
967 4866
968 3010 410
970 397 423
972 5876
975 5170 1957
978 5876 2246 3730 1747 101
979 5154 397 5385
980 423
982 145 397 3257 5154 238 3691
983 3389 3010 5876
984 3010 5154
985 194 5327
986 1087 4956
988 1779 418 3010
990 3010 1833 5482
992 228
993 5876 2341 342 3010 4124
994 5482 397 3010 5154
996 3691
997 4866
998 1242 1596 4416
999 2030 1018 2104 3010
1000 5555 5154 4956 3010
1001 4958
1002 4956
1005 3366
1007 1164
1008 194 4303 421
1010 397
1011 3039 3052 5876 4577 735 1388
1012 3078
1014 423 397
1015 3010
1016 4866 4956 397
1017 4956 3010
1018 5482 5154
1019 4303
1021 5876
1023 1087 5876 3389 5154 3516 423
1024 5327 1754 5876
1025 1779
1026 1644
1027 4956 5876
1028 2241
1030 4695 1424 5876 228
1032 58
1033 2394 4814
1034 1646 3389
1035 5196
1037 2241
1038 1896 5395 4303 5154
1039 3389 517 145 423 4645
1040 5634
1041 5876 5154 4956 2241
1042 5154 5652
1044 4303
1045 2967 1644 3052 5392 3518 183 1896 2461
1046 1754 183 1942 4956
1049 4829 3460 1242 4605
1050 2461
1051 1164 3840 2461
1053 1087 5170
1054 3840
1055 5876
1058 397 3010 5154
1059 5946 4303
1060 183
1061 5946 1112 3838 5154 397 3730 5876 1596
1063 5634 4303
1064 4256
1065 228 3389 1450
1066 5170 4956 3389
1068 1201 1018
1069 318 517 183 4303 1201 2967 4605 1957 2315 101
1070 58
1071 1957 2315 2269 1523 1201 145 35 4605 4303 183 1202 4589 3123
1075 3840 3052 228 2461 5876 5652 3434 3010
1078 2846 5392
1079 1112 1604 3052 2062
1080 2846 5154
1081 3389
1083 4303 3389
1084 2846 4303 410
1085 2046
1086 4956
1087 3822
1088 1957 3434
1089 194
1090 3730
1091 1578
1092 1793 3170 4800 1087 5327
1093 1087
1095 3389 3010
1096 5876
1097 228
1098 5876 58
1099 5876 5395 228
1101 3010 397 3460
1102 1302
1105 4598 4040 2231 3260 5948 5876 2030 2315 3510 2461 1779 735 58 3548 4746 4814 397 3460 5310
1106 4303 2647 5154
1107 1578 1945 4541
1108 2877
1109 5687 5154 4580 1388
1110 3822
1111 5154 4256 1779
1112 1202 3366 101 1316 2967 145 4605 183 4303 3123
1113 1957 1302
1114 5327
1115 4742 3366 1164 5395 5876 2846 5154
1116 1273
1118 4956
1120 397 2046
1121 58 1185
1124 1833
1125 4303
1126 4956 3156 5395
1130 5098
1131 5395 3366
1132 3010
1133 5541 4303
1135 3469 397 4541 2175 4958
1136 1302 5170
1137 5220 3389
1139 1450
1140 3389
1141 230
1142 3822 1779
1143 1450
1144 3822 1450
1145 1523
1149 5154 5220 1450
1150 101 2897 3111 5196 1754 5482 3517 1388 397 735 1302 3838 3507 3389 1425
1151 1450
1152 194
1153 2846 2967 4446
1154 101 183 2967 4303 2315 2269 4589 1302
1155 5876 348
1157 5876 2315 3460 397 2897 1014 4382 1302
1158 4303 101 418 3366 4742 2461
1159 397 4695
1162 4303 5876
1163 1388
1165 1779 3460 3840
1166 5876 3691 1911 1112 2341
1168 735 423 3434
1171 3010
1172 1732 1754 4956
1173 348 3389
1177 3840 2846
1179 4256 3389 348
1180 3840 3389
1181 342
1182 5876
1184 194
1185 4742 4303 5652
1186 3389
1187 2030 5948 2231 5876
1188 228 4598
1190 4956 397 348
1191 3840 2461
1192 4292
1194 4303 5154 1754 5652
1195 5329 5327 5652
1198 2461
1200 3840 5220 4956 1302 3389 397 5170 423 3052 5655
1202 3052
1203 5395
1205 5392 3389
1206 3389 5652
1208 3010
1209 228 4956
1210 1945 5154 4303 3052 3389
1211 5876 4956 5220
1213 5876 397
1216 1302 4742 194 4303 4589
1217 5634 3507
1218 1302
1219 348
1220 5009
1221 3389 5578 5196
1225 3010
1226 397 1945 1779
1228 3052 2341 5154 397 348
1230 4956
1231 623 145
1232 397 1201
1233 5154
1234 5154
1235 4958 5170 5385
1237 4303 145 58 5327 5395 101
1239 4958
1240 4577 238 4742 4310 397 1302 5154 58
1241 5154 3052 5876 735 58 421
1243 397
1244 397 1202 101 2030 1793 1388 2231
1245 3389
1247 423
1248 3010 4866
1249 1112
1250 194 3010
1251 5154 4580 397 2341
1252 5327 3518
1253 418 1112 58 2461
1254 2030 3180 3389
1256 5655 3180 5220
1258 5154 3389
1259 2461 4956 3389 348
1260 3691 5220 1754
1262 397 1779 5652
1263 1164 3310 397 838 2030 5196 5876
1264 5154 5876
1265 3010 3434
1266 5154
1267 1957 1450 4598
1271 910
1272 517 1087 4742
1273 3469 1087
1275 3389
1276 397 4303 4577 3469
1278 101
1280 1896
1281 3460 5044
1282 1732 5385
1283 5327 1850 5395
1284 4605
1289 3283 5154 1732 3469
1291 5385 4827
1292 3730
1297 3389
1298 1945 397
1299 5395 3518 1450
1300 4303 5876
1301 3389 5154 5170 4303
1302 228
1303 2461 228 4956 1420
1304 5154
1306 1578
1308 397 5154
1309 3434
1310 4829 5154 58
1311 3052
1312 194 3691
1313 5154 397
1314 3010
1315 3517 4956 3389
1316 3434 1644
1317 3434
1319 1945
1321 4742 423 4814 3460
1322 1087 342
1324 3389
1326 4446 1644
1327 228
1328 5876 1450 228 3822 3560
1329 3389
1331 1911 5220 5154 228 3469 4256 1450
1332 3507 228
1333 2846 3010 3389 4303
1334 3389 2846
1336 397
1339 5196
1340 1732 4256 5154
1341 1644 1578
1342 3389 4814
1343 5876 4742 228
1344 5154 5876 397 5652
1345 1018 2030 1754 5220
1346 3366 3389 5154 5196
1347 5154 3548
1348 2647 4958 423 1087 397
1351 3389 5154
1352 5154
1354 5876
1355 194 5170
1357 5948 348 3389
1359 1124 4956
1361 5839
1362 3011
1363 1754 5655 5876
1366 410
1367 2846
1370 1779 5154
1372 5170
1373 4256
1374 1646
1375 5154
1379 5876 35 1124
1380 3010
1381 2846 4303 3389
1382 1945 5310 5154
1383 3389 5876 1305
1384 348
1385 1754
1386 101 1779 1833
1387 3389
1390 3460 3822 2091
1392 4256 5154 4310
1393 5948
1395 2846
1397 3389
1398 2846
1399 5634 5876
1400 1242 228 418
1402 5154
1404 5946 4256 5154
1405 101 183 2070 1596 3518 1499 5154 2315 4275 1202 3180
1406 5876
1407 3389 1779
1410 5876
1411 5044
1414 4695 5220 2846 418
1415 228
1416 4303
1417 58
1418 194 2846 910
1420 5392
1421 3434
1422 4956 1087
1424 3822 1450
1425 4956
1428 3389
1430 5652 3010
1432 1302
1433 1754 423 3469
1434 3389
1437 3010 5876 910
1438 397
1440 3389
1441 5876
1442 348 4932
1443 5946
1444 1112
1445 145
1446 3730
1447 58 418
1448 5327 2030 1578 5395 4605 101
1449 1523 5098 348
1450 517 101 5537 58
1451 5385
1452 397 495 3283
1453 517
1454 3389
1455 3389 5948 5876 4310 1578
1458 5170 1945 5655 3389 1424
1459 517 423 58
1460 3730 101
1461 1896 101 517 1273
1462 1018 1273
1463 1732
1464 101 418 495
1465 2121 1555 1911 4742 3170 1945 5154 4956 5482
1466 5876 228
1467 5482
1469 423
1470 5154
1471 194
1472 1201
1473 4303
1475 418 3730
1483 228 5196
1484 4541 348 1550 5652 3257 5876 4310 1202 2231 1896 2030 228 5196
1486 228 4416
1487 5652
1488 1302
1489 4275
1490 495 1550
1491 58 3460
1493 3052
1494 5634
1495 1112 623 3518 4958
1498 397 423
1499 5220
1500 5839
1502 1302 101 4948 183 1140 4605 3091 1896 418 1202
1504 230
1506 5482 2461 1911
1508 623 1779
1510 101
1514 2030
1515 5154
1516 1302 3010 348 423 3469
1517 623
1519 4580 2030
1521 5876
1522 4956 4742
1523 5876
1525 3469 3039 735
1527 3434 194 1388 5154 58 4303 5876 1779 1164 4956
1528 5395 194 4742 2461
1530 58 5154
1531 1087
1532 5652
1533 101
1535 58
1536 1945 5876 5154
1537 1388 410
1538 4541 5154
1539 5395 1388 3257
1542 4541 2121 35 5876
1544 4541 5876 2461
1546 3434
1547 5876
1548 4541 423
1552 3389
1554 4303 4256
1556 5154 1450
1557 3389 4577 4958
1558 5154 5327 4310
1559 1424 397
1560 1896 101
1562 5482 2461
1563 1087 3283 5395
1565 936 3052 318 486 5170 4948 101 647 4866 2030 1100 2070 1596
1567 4056
1568 5044
1569 1302 3389
1570 1779
1571 2859
1572 4742
1573 5154
1574 58
1576 4814 1779
1577 5482 3730
1579 348
1581 397 4256
1583 3052 5948
1584 623 5876
1585 228 4742 58
1587 647 145 5044
1591 5655 4303
1592 3389
1593 5876
1594 1754 5876
1595 5310
1596 328
1597 1302
1598 5876
1603 3434 3389
1604 101
1606 4956 1302
1607 423
1608 5876
1609 4577 5044 418 2461 5395 5482 58
1610 4541
1612 2231 5876
1613 101 4814
1616 4303 4956
1617 5170
1618 2461 5946
1622 58
1623 194
1624 3052
1625 1450
1628 1945 3389 5220
1630 58
1632 58
1633 1732 5154 4303
1634 58
1636 5395
1638 1273 58 495
1639 5196
1640 4958 3460 397
1642 5170 228 2030 4746 1424
1643 58 1957 168
1645 1911
1647 5652 2859
1648 3434
1649 2030 4814 5196 2231 2840
1650 5876 5170 5154 4416 58 5392
1651 423
1653 4958
1654 228 2846 4866
1655 3052 2030
1656 5652
1657 5392
1658 5876
1659 5876 3460 1424 4256
1661 423
1662 5385
1664 397
1669 4303
1672 3052
1673 3010 3389 735 5482 397
1674 418 1779 5948
1677 3257 4303 2813 2341
1678 230
1681 3389 5385
1682 3010
1684 1302 735 4303
1685 5876
1687 5876
1689 3366
1690 3840 101 1302 58 1014
1691 4303 2593
1696 194
1699 5154
1702 5810
1706 3389
1709 4956 3389
1711 5948 3010 2231 2593 5154 228 2687
1712 677
1715 3010
1716 3010
1717 1779 4303
1720 1164
1721 3434 4866
1723 3010 342
1725 3010
1727 5876
1729 1141 5154 101
1731 1424
1732 1424
1733 3434 4769
1735 423
1737 4956 517 5876
1739 5876
1741 4303
1742 5652 1087
1743 4303
1744 1754
1746 5537
1747 4580 5170 5876
1749 4303 1087
1752 910
1754 5655 3471 1302 1112
1755 5170 423
1756 5044
1759 58 194
1762 3691 5395 838
1764 5154
1770 2846
1771 3389 5876
1773 1754
1776 517
1779 5876
1780 1779
1781 3052 3010 5154
1784 5196
1788 1754 1896
1789 1754
1792 58 423
1794 4598 3389 418
1795 5170
1799 1087
1806 1450
1809 2909 230
1810 230
1811 230
1813 230
1814 230
1815 1302
1818 3180
1819 910
1821 1124
1823 5876 4310
1824 4275
1825 3389
1827 910 5876
1828 1646 1124
1829 2030 1140
1830 4303
1831 1164 3010
1832 58 3010 1164
1834 5154 3389 1945
1837 5220
1838 5876 1087
1841 3529 2231
1843 4956 423 5196 5876
1846 3507 3389 2461
1849 2231 2647
1850 2897
1851 3389 5170 194 5876
1852 5578
1857 2461
1858 4303
1859 3469 5310
1860 1779 3434
1864 3389
1866 4956
1867 936 3434 418
1868 3460
1871 1732
1874 548 4303
1877 5196 423
1879 5170
1882 228 735 5652 3180
1884 418
1885 4303
1889 5876 3010
1892 4577 5876
1894 2909 5876
1895 517 5876
1896 3389
1898 5876 4541 4827 1185
1899 1644
1900 3389 2175 3104
1901 5876
1903 228
1904 5395
1907 517
1908 3507
1909 2030
1910 4310
1912 752 4303
1913 423 397
1914 3257 1245
1915 194 1202 145
1916 58
1921 5876 423 5652
1922 397
1923 228 410 4598
1924 418
1925 3822
1928 228
1929 4589 4695 228
1930 418
1933 397
1934 4577
1935 183 3840
1936 3730
1937 4827
1939 423
1943 5154 5652 1450
1945 423
1946 3389
1947 4541
1948 3180 3389
1956 751
1960 5876 517
1961 3434
1963 5876
1964 2187 4956
1965 2062
1966 4814
1968 3010
1970 4256 1424
1977 3010 3822
1978 4814
1979 3389 2030 4840 3471 4541
1984 194 3170
1985 3389
1991 5154
1992 5876 4256 2379
1999 1911 3389 2046 397 2030
2001 3590 5876
2004 4256 5154 2759 348 4742
2006 3010 3822
2009 4303
2011 5652 1646 2030 5948
2012 3389
2013 4303 1450
2016 4303
2018 1604
2020 4303
2021 1112
2022 1424 3180 228
2023 145 5446
2024 1779
2026 4829
2027 1424 495
2030 5154 5196 228 1087 5876
2032 4303
2033 5876 1604 3389 397
2034 2231 1424 3180 228 3389 5541 5652 1945 5395
2036 3052
2037 548
2038 1424
2039 2840 3389 5220 2897 4303
2040 1087
2042 1953 5652
2044 1087 2394 5327
2046 4541
2047 1450
2048 495 101
2049 517
2050 58 1833
2053 423 5876
2054 3389
2056 5876
2058 3389 228 4303
2060 5876
2064 3691 5876
2066 58
2067 4303
2070 397 3078 228 4814 5948 2030 2231 2858 5310 4589 3310 328
2072 486 5655 5876
2074 1604
2075 58
2076 3389 910
2077 3389
2078 4742
2079 5392 397
2080 1732 423
2082 3507 1302
2085 5946
2087 5876
2089 1087 58
2090 3469 3283
2095 3389
2096 5170
2102 5327
2103 5482
2105 5680
2106 5170
2111 5044
2113 423 1302 2104 5652 5196 194 4056
2114 228 397 5327
2115 517 4598 3366
2117 3389 2062
2118 1087 423
2119 3010 1087 4541 1981
2121 5170 228 1424
2124 2846 910
2125 183
2128 3518 423
2129 4742
2130 5876
2134 1896 3052 101
2135 5876 5948 5652 423
2136 5652
2137 5876
2138 5876 4303 423
2139 1896 5876 3691
2141 1911 1450
2145 4303
2146 1646
2157 4275
2160 517 838 5876 1388
2161 58
2162 1087
2163 2062
2167 5655
2170 1644
2180 1646
2183 1273
2185 3389 5876
2186 2846
2190 2593
2191 1646
2192 5170 1646 423
2193 3389
2194 2394 3469 1896
2195 228
2196 5044
2200 1896 4958 5220
2201 58 2461 1087 4541
2202 623
2205 423
2207 5170
2209 838
2210 5655
2212 3052
2213 3434
2214 1779 910
2215 3052 4598 348 423 838 2175
2216 2759 517 58
2217 4303
2221 5876
2222 228 1424 1087 1793 1646
2224 5385 2246 2030 2917 5652
2226 5876
2230 4958
2234 5044 1732 3052
2235 348 3389 2846 1302
2238 910
2240 4956
2241 1018
2242 3840
2243 5154 397
2244 5392 1305
2245 1646
2246 5876
2247 5395
2248 3389
2250 5482
2251 4577
2258 1450
2259 101
2260 228
2264 4832 1793 548
2265 3011 5310
2267 1754
2268 4956
2271 5179 1450
2272 418
2273 2846
2274 3434
2278 5170
2283 423
2287 4956
2288 423 3091 58
2290 910
2296 1646 548 1087
2298 4956
2299 3389
2300 1087
2301 228 2231
2302 2813
2304 1793 4814 2062 228
2308 3010 1646
2309 4956
2311 4958
2313 4303
2315 5196
2317 2030
2318 2859 228 4303
2319 838
2324 4541
2325 3011 4956
2337 5876
2339 2846
2343 4956
2345 5385
2346 4275
2347 1957
2350 5392
2352 3010
2353 3822
2354 5876
2358 423
2363 3389
2364 1450
2365 101 3518 3011 4275 4605 2030 952 1779
2368 101 3260 2897
2369 3389
2372 5876
2374 194
2375 423
2380 4303 3518 1979 1316 1596 101 1896 1014 183 1499 2091 3123 2070 1202 2030 4275
2382 3389
2384 1450
2387 5876
2390 3389
2391 5310 1302 5395 5687 1578 5876
2394 1112 3434
2399 4956 5634
2402 1779 5154
2409 1450
2410 4577
2413 1424
2416 952
2417 5196 4958 1424 2062
2421 5655
2422 5220 5876 5154 423
2423 4814 1424 2030
2424 2030 1087
2427 228
2433 838
2434 3389
2438 3389 418
2440 3460 3389 5876
2442 5876 5154 3010 1302
2446 4580 423
2447 5170
2449 5876
2450 423
2452 4275 5876 3389
2456 3052
2459 5044
2460 194
2462 1979 2030 3518 1596 1424
2463 1420
2471 1202
2472 348
2473 1202 4956
2474 1424 1945 2175
2477 3389 1420 5876
2479 4303
2481 4956
2483 4589 5652
2485 3156
2487 5385
2490 1302
2491 2175 5876
2494 3411
2500 1896
2501 3389 3840
2503 4303
2504 4446
2506 4956
2507 3434
2515 423
2518 3389
2519 58
2520 5392
2522 3389 3010
2529 3517 5044
2531 5170 3389
2532 4275 3469 423 5395
2534 3052
2537 1424
2538 4303 1550 1604 5652
2541 838 3469
2543 5948
2549 3469 2394
2550 3010 2840 5196
2552 58
2554 4541 5154
2562 5327
2565 4275
2566 228 3257 1911 2030
2569 1896
2576 1273
2578 2030
2580 3389
2584 1302 1273
2585 5876
2588 3389
2590 4303
2591 2394
2593 1273
2594 2030 5876
2595 1732 5876
2599 5876
2600 5876 5652
2602 194
2608 2846
2610 4275
2612 4932
2613 5876
2615 4303
2619 2858
2623 4303
2625 4814
2626 5310
2628 3822
2634 2030
2635 228
2636 5395 3389
2639 4275 397 5392
2643 58
2644 397
2645 3389
2649 194
2652 1087
2658 2030
2659 2175
2661 2175 1911
2663 2030
2665 1911
2666 58
2667 1087
2671 1414
2673 4303
2674 1351
2676 5385 5098
2677 1911 194
2678 4645
2680 5196 1979 5634 3389
2690 58
2693 5044
2700 1202 101 5876 1896
2701 4541 5876
2703 228
2706 4956
2707 3389
2710 5655 4800
2717 4541
2719 5876
2720 5876
2721 5876
2724 1302
2735 5876
2736 1779
2737 5876
2740 3389
2749 3434
2753 4303
2758 228
2759 5357 2030 397 1100
2763 2175
2764 5098
2766 517
2769 1273
2772 5876 397 4956 1087
2781 1646
2783 1646
2790 1202
2802 3389
2807 4275
2818 5196
2821 4303
2841 3052
2843 2461
2846 5876 2030
2859 4769
2861 1850
2870 2030 3310 5876 1424
2872 228 3078 2030
2878 1087
2879 5170
2880 5154
2883 1646
2889 4303
2890 1450
2894 4303
2900 1450
2916 5392
2917 5876
2919 58 5310
2930 1305 1087
2936 517
2940 4303
2941 4303
2943 145
2952 3389
2986 3389
2987 5946
3011 5392
3016 4303
3017 1646 5876
3020 3434
3032 5154
3033 1424
3038 1388
3040 1604
3043 1273 423 5446
3044 4275
3045 228
3050 1911
3055 3389
3061 3469 423 5680
3062 517 410 1424
3066 3822 2897
3070 1732
3071 1911
3081 4598
3082 4303
3084 1087
3086 1351
3087 1087 423
3089 3389
3091 4275 3518
3106 1604
3107 5634
3110 342
3126 3111
3135 145
3138 5946
3143 3389
3145 4303
3148 228
3153 101
3158 397
3173 4275
3177 423
3179 4303 1646
3180 3015
3187 910
3192 794
3194 3408
3199 4303 3822
3207 194
3218 1896
3219 228
3220 1896
3222 3822
3226 5876
3227 228
3237 1911
3244 3517 4956
3246 3389
3249 1424
3258 4275